1000 3000 1000 55.550 2000
15.115 60.053 1010.399
77.158 166.549 1018.962
28.844 80.077 1080.851
109.085 174.598 954.582
171.511 167.585 929.307
185.805 93.690 919.177
164.194 135.468 1014.868
74.353 82.851 971.944
164.562 92.706 961.705
9.158 13.176 980.672
190.674 93.158 908.316
126.977 178.330 999.214
33.593 81.819 1021.310
17.367 164.799 1011.976
28.885 128.732 1026.584
4.256 157.846 1002.721
166.947 131.082 966.765
192.048 117.060 983.879
94.993 15.845 1058.632
35.259 117.305 1000.501
127.837 164.322 976.144
13.201 30.264 1093.068
163.531 60.625 1071.204
5.820 38.056 1007.995
102.880 107.663 941.271
172.721 100.134 1001.241
69.400 8.413 927.026
79.421 135.612 1045.262
43.747 122.914 916.115
99.354 168.754 1055.667
143.934 182.350 998.586
95.480 78.955 946.923
82.659 165.961 1046.351
11.393 26.288 1016.617
99.072 56.934 996.399
177.264 19.648 1015.232
53.558 7.472 1074.698
9.371 63.783 963.480
90.225 59.967 1051.452
133.996 89.486 1040.031
24.794 167.952 962.704
28.735 18.720 873.433
129.295 18.025 963.378
146.081 62.354 993.993
126.491 94.319 911.092
152.147 92.472 980.007
67.462 54.951 1071.290
176.165 171.963 882.841
86.655 111.152 982.111
195.565 195.765 1026.388
75.084 90.278 989.269
139.117 90.510 983.460
146.377 132.487 1060.601
94.769 43.345 1004.646
101.129 65.248 1020.111
55.882 157.556 1035.109
127.024 123.085 955.186
190.148 100.639 1026.812
33.480 179.980 970.892
71.661 145.099 918.634
101.569 166.754 916.902
136.676 191.369 1060.030
9.085 130.357 1042.596
115.569 163.875 1067.920
67.575 118.914 1017.088
109.568 8.844 1077.355
121.727 195.395 925.772
110.398 69.982 1067.302
153.196 62.966 949.422
183.491 106.708 1054.274
2.757 110.319 1028.932
11.398 40.656 980.300
5.677 134.350 974.172
140.492 1.382 1031.965
24.922 189.935 984.158
138.481 141.233 1059.984
174.952 62.109 1000.927
66.312 147.048 921.957
66.927 48.768 991.246
171.015 103.079 1032.283
197.405 62.859 967.115
69.946 142.507 1071.930
72.083 22.441 1078.796
90.161 182.991 1014.593
139.509 33.265 954.793
91.023 110.344 984.319
98.307 116.441 936.367
28.957 176.191 996.788
31.460 106.586 1021.531
57.101 25.779 1015.502
128.601 105.108 981.116
75.533 129.898 1091.319
15.657 17.830 1056.959
173.715 105.309 940.906
168.176 26.007 980.734
197.065 184.510 1004.373
111.408 146.478 913.142
55.517 35.280 853.040
31.548 11.308 1018.546
5.691 156.163 980.378
9.319 165.890 1021.601
100.109 165.552 1059.911
45.351 15.310 1029.857
9.893 184.133 1036.704
193.502 148.695 912.563
6.314 135.875 963.063
137.554 129.727 910.776
134.654 167.766 1004.748
144.113 170.918 996.822
186.175 33.043 953.496
125.286 109.891 961.976
23.803 72.207 980.951
131.771 44.226 991.420
198.299 139.806 972.619
180.025 58.786 888.927
107.900 8.447 1003.614
5.815 174.376 1056.301
179.901 188.552 1004.956
95.524 146.243 977.250
103.340 73.167 969.367
192.788 139.147 1047.466
31.921 100.556 1026.528
43.320 53.412 919.246
62.759 87.179 1033.492
118.497 161.511 902.861
144.789 158.152 933.759
148.594 145.003 955.686
167.779 147.620 1007.499
23.951 141.239 914.115
18.735 144.040 1069.661
9.589 188.280 932.688
7.734 152.324 1044.225
79.531 160.057 980.628
149.134 62.932 1002.262
137.386 78.254 932.900
64.080 31.974 1066.626
122.975 71.679 945.984
53.061 114.969 913.935
160.244 95.955 999.908
111.443 198.082 966.072
13.908 68.709 1063.219
142.533 79.554 1024.332
99.758 131.813 995.439
59.258 47.771 991.448
18.345 149.161 948.235
62.094 158.137 964.337
143.727 140.131 959.777
17.378 10.272 986.282
167.693 23.486 979.566
31.744 151.134 1046.146
37.426 166.406 951.961
117.902 32.741 980.753
155.029 10.675 1029.777
148.128 67.026 1021.006
95.127 150.188 988.574
89.261 189.474 1074.459
71.184 198.820 905.592
113.532 42.638 993.153
26.102 18.869 937.680
170.154 183.923 1007.207
197.290 168.020 899.635
172.635 135.961 994.193
1.121 63.324 1011.992
180.677 174.455 1046.083
163.932 189.835 1007.467
17.174 141.498 990.296
23.596 158.911 982.276
38.698 177.719 1064.293
30.112 78.135 1032.425
61.715 43.808 993.240
140.602 4.138 945.683
192.981 87.836 1047.936
184.376 73.487 945.016
80.980 171.323 971.085
128.590 114.715 1061.785
51.041 11.056 1011.271
25.236 133.655 968.050
100.481 11.744 1043.914
51.512 165.194 1078.416
180.377 20.403 1027.605
43.718 27.802 1014.153
80.569 126.703 981.012
150.112 62.796 969.184
167.072 23.100 976.167
43.005 168.862 967.012
9.935 165.496 1006.534
70.352 178.422 891.838
77.052 104.950 980.064
71.736 195.400 954.352
122.082 135.361 889.998
186.806 31.829 901.977
104.934 125.597 923.493
2.177 199.572 999.990
129.873 76.292 996.541
86.233 40.129 972.961
84.457 0.879 974.117
119.552 148.921 1057.197
83.718 21.899 990.353
83.523 38.204 1014.694
53.692 111.309 1001.043
102.027 58.682 955.659
117.167 175.429 1042.597
110.140 172.544 956.521
0.789 165.192 990.770
53.903 12.709 981.679
113.050 0.184 1019.803
129.808 46.769 971.392
180.134 68.579 1001.120
113.805 50.785 918.119
29.069 29.842 969.606
113.465 181.094 1033.761
149.080 57.542 1050.825
42.307 66.277 1025.765
144.084 96.516 1001.368
52.887 6.002 1096.014
190.802 4.467 987.293
120.933 130.142 954.004
138.661 133.087 1077.365
182.536 154.415 990.485
129.771 52.246 1073.039
78.568 95.534 1016.722
60.738 109.441 1045.372
192.882 186.954 951.024
18.516 140.107 959.675
165.308 29.831 974.025
197.748 16.093 962.939
140.685 160.494 993.253
162.605 134.737 990.349
183.470 170.600 1013.706
22.525 191.584 1026.239
120.035 13.404 1044.403
50.578 138.331 951.225
92.970 79.685 1054.094
27.955 130.538 1010.563
60.108 150.302 948.601
48.810 87.388 903.868
45.602 65.739 1007.457
182.347 156.160 1006.073
25.133 4.322 907.894
44.156 198.557 980.267
78.954 116.030 925.739
187.252 144.282 1055.359
190.029 66.452 970.530
48.760 83.653 1054.529
135.525 174.800 1030.266
191.391 193.624 984.278
159.361 25.873 1025.233
173.943 82.948 903.150
90.875 131.002 1042.535
197.443 146.053 1075.483
61.063 133.526 1033.268
41.715 81.973 963.900
118.503 113.555 999.556
111.854 70.924 873.960
157.343 185.194 1090.334
96.049 183.187 1069.645
15.222 2.558 1026.488
43.508 11.820 1018.949
57.256 153.193 943.885
48.166 123.990 979.578
68.399 61.728 1025.493
101.906 98.204 1013.019
50.522 59.640 948.315
55.130 97.710 937.088
134.067 39.021 978.543
73.898 170.842 1029.577
62.526 98.306 1058.663
147.509 84.165 1092.400
74.993 52.797 974.356
88.019 83.652 1026.712
73.288 24.656 1024.059
157.880 62.456 1034.905
61.222 174.601 1010.147
98.209 10.292 1028.480
27.912 196.589 949.226
119.463 172.308 885.324
199.343 62.111 1002.095
48.942 117.225 952.242
128.057 96.553 929.759
186.065 76.784 1031.122
72.632 78.866 942.337
64.970 76.134 941.089
24.532 61.853 1018.433
156.025 26.506 1017.090
40.636 81.475 1006.240
0.845 54.173 1020.073
163.265 82.807 921.216
124.207 185.162 1002.941
71.584 81.921 1020.215
60.516 5.449 983.188
41.609 183.081 952.536
170.467 31.765 989.488
134.672 135.704 1035.179
80.858 71.068 1021.430
132.941 133.182 1016.782
111.893 84.849 999.563
185.619 39.463 1028.816
178.865 63.969 995.524
49.758 80.522 1049.208
92.986 93.830 1073.290
134.484 102.966 1029.308
136.973 56.104 1002.886
176.432 105.875 1034.627
119.289 25.366 1013.713
132.728 150.481 1090.306
98.508 120.117 1048.516
155.408 63.917 1009.299
17.228 131.078 862.972
148.458 82.743 1093.295
136.928 46.829 959.102
23.401 10.039 932.778
148.437 101.226 990.218
130.043 172.262 1043.717
184.605 197.491 1083.791
195.777 60.910 1013.181
110.037 72.672 1035.448
48.717 75.511 983.800
67.859 91.634 991.995
12.243 36.859 984.664
155.755 18.329 992.067
114.476 154.182 927.084
22.192 154.805 875.352
72.929 127.723 1010.662
79.875 142.815 1043.855
56.139 93.995 871.716
4.414 75.666 1105.645
173.481 44.413 1055.421
149.569 75.076 996.037
24.469 100.456 976.857
69.932 152.944 948.907
91.109 129.554 952.827
101.094 71.190 1009.161
39.065 124.408 975.412
184.641 118.171 922.670
149.112 27.130 1015.958
78.996 141.875 1070.837
105.629 192.531 1041.077
102.432 158.634 1048.366
4.849 56.365 1056.701
94.877 95.856 973.105
63.632 74.601 932.176
66.986 193.983 1107.043
112.419 137.359 1048.518
85.379 22.935 1004.855
58.081 190.065 889.325
63.296 9.254 1096.071
71.176 38.310 971.619
179.921 170.919 1142.858
5.809 10.127 975.817
1.627 150.278 1056.798
90.032 145.724 924.938
122.525 72.424 1103.940
115.300 154.541 1023.235
103.770 171.587 1051.371
95.621 58.410 972.850
122.639 114.822 932.124
3.163 51.713 980.758
116.572 48.192 1057.043
56.630 156.169 995.440
40.246 134.869 1067.410
146.340 1.353 941.896
58.955 133.550 1009.847
52.860 148.230 1004.746
45.378 68.740 1007.658
60.612 39.569 952.881
170.776 2.991 1026.089
27.908 179.845 977.237
134.965 171.213 977.237
31.509 151.262 965.279
118.616 9.381 944.443
117.782 183.068 1000.867
138.037 176.385 962.886
146.173 182.632 987.887
107.028 193.386 1019.011
189.547 70.595 1032.132
44.788 75.422 1000.289
54.894 94.997 906.241
155.946 35.605 1034.919
54.318 15.653 944.240
78.260 49.960 961.726
34.706 62.285 958.370
39.652 85.085 951.271
78.648 118.812 987.325
85.261 115.725 1012.776
198.872 145.336 1101.968
8.979 133.248 961.418
125.346 139.479 965.669
177.379 94.079 990.241
171.736 76.828 983.409
167.781 51.087 1139.627
93.818 54.338 978.916
13.324 44.184 912.880
23.697 130.948 1092.420
72.750 82.723 1018.151
41.622 149.570 988.553
177.929 133.713 1031.122
131.569 110.476 927.442
70.925 108.820 987.832
87.377 45.231 1004.211
4.622 55.917 883.244
7.765 183.860 996.416
182.997 163.913 987.492
196.434 149.837 1007.617
81.352 84.451 1055.020
92.479 171.403 981.741
90.982 11.746 1006.995
55.980 153.045 925.075
45.226 100.631 1042.133
190.994 152.255 1061.717
52.072 43.112 924.568
81.019 127.703 1073.965
59.220 47.009 1087.283
189.223 52.480 983.143
128.803 198.580 970.685
98.722 199.585 945.005
46.217 96.383 946.112
48.844 149.776 1026.128
155.516 196.745 983.752
36.592 28.671 1147.781
133.403 22.423 1040.110
97.512 199.725 996.800
140.435 82.770 963.116
23.697 174.948 959.076
178.873 44.212 1058.775
33.641 53.846 1017.426
164.259 19.696 1005.180
10.395 153.491 921.631
60.388 176.642 991.665
115.639 1.484 931.344
54.533 37.013 949.628
29.499 67.482 975.442
58.962 110.294 1034.692
85.644 149.845 1094.953
93.026 136.835 1018.721
1.450 40.928 997.674
192.785 86.317 987.101
188.716 63.986 948.394
92.243 102.836 1019.459
155.233 180.863 1115.852
176.698 178.694 1010.986
15.022 66.219 1019.515
147.068 107.815 1044.583
125.762 114.746 1099.793
154.357 10.881 1007.124
101.654 60.844 989.975
141.165 162.375 1039.952
118.233 91.827 942.463
114.235 36.192 935.430
150.881 7.935 936.050
128.813 21.654 1037.747
161.296 80.697 917.861
94.142 195.764 1016.964
140.604 27.400 987.397
38.075 59.131 1031.049
158.278 126.130 999.601
101.548 173.350 990.497
22.899 146.886 977.455
129.424 23.678 936.552
63.003 160.282 1074.527
10.437 124.926 1067.212
183.922 115.770 1016.588
162.295 156.498 999.460
106.941 49.113 988.245
87.619 5.232 1079.763
56.495 194.892 995.338
25.396 142.023 1049.428
70.068 28.298 1028.731
155.878 162.774 955.999
115.171 25.107 1000.621
16.212 190.707 1007.847
4.557 69.031 1023.369
40.178 90.366 928.127
41.468 113.335 946.059
81.930 40.367 960.343
142.174 100.214 855.088
103.925 81.415 923.292
162.928 143.899 1075.967
79.901 199.041 1079.170
76.489 134.926 930.659
57.824 102.482 1040.380
49.313 197.832 1020.653
12.603 190.818 991.437
121.996 59.595 969.247
140.549 143.492 1035.836
183.245 3.498 1020.036
136.437 100.183 970.341
95.832 96.103 1050.810
22.524 33.888 979.510
120.344 171.904 977.681
31.482 37.847 942.326
183.813 92.245 1032.292
174.981 146.897 996.791
170.948 128.867 944.557
12.264 73.261 1027.612
63.456 1.530 927.294
19.810 128.769 1011.892
18.618 12.351 1022.292
80.237 59.220 1028.564
130.555 96.651 880.838
115.102 182.556 1015.920
155.100 45.914 1108.577
44.248 169.861 1077.865
144.510 29.311 1002.280
160.792 101.447 979.503
9.622 198.453 1073.466
58.250 32.981 991.979
132.046 113.092 966.451
113.941 172.842 1031.681
135.649 0.833 982.741
65.665 37.864 959.272
6.668 79.751 1008.160
90.836 169.548 963.315
39.317 113.213 1053.645
133.566 133.071 1022.466
8.149 195.959 1002.210
61.750 179.127 928.299
76.162 103.464 979.004
99.292 8.591 968.175
189.545 93.098 1002.640
100.428 53.539 951.832
34.472 114.390 1006.459
77.912 193.463 949.322
61.865 126.994 1003.947
62.926 41.467 890.589
6.490 123.396 1090.802
158.129 169.384 989.674
45.798 98.734 1020.068
132.468 156.864 969.937
162.168 23.843 1043.269
78.235 116.019 1075.512
114.831 50.330 997.537
81.528 93.783 976.545
85.411 131.912 990.748
99.265 77.558 1039.750
154.441 48.890 940.550
171.593 90.508 1021.083
118.216 129.996 995.192
3.733 31.872 1073.579
100.706 173.947 940.059
133.795 69.751 982.170
69.498 168.104 949.231
167.355 146.126 1025.833
17.306 67.775 1014.517
109.514 58.121 1036.097
46.627 157.075 1102.327
64.526 183.115 1042.578
18.608 47.803 1013.713
152.014 177.543 1059.702
187.378 141.137 964.418
61.530 119.180 1054.802
72.943 145.708 1006.700
115.114 181.314 998.367
199.997 52.088 1096.679
196.571 181.837 1012.823
12.020 139.829 1032.932
1.152 7.411 995.118
73.868 43.386 987.079
29.964 172.192 956.311
155.642 116.660 1074.979
63.027 199.602 970.727
161.946 135.498 998.577
161.783 75.732 1019.319
40.317 12.087 938.319
133.295 159.935 998.297
172.695 68.583 988.984
162.703 46.887 855.368
117.370 66.450 988.784
136.307 32.479 1076.650
106.944 86.227 1054.531
83.692 112.370 935.155
63.247 183.197 904.909
89.054 40.661 925.216
132.671 187.073 942.698
20.138 67.746 936.981
14.708 99.175 1002.190
110.726 70.132 1019.404
180.756 122.889 997.627
115.221 126.316 1030.745
7.543 30.869 1073.882
78.963 4.094 966.365
69.153 148.690 1053.339
39.674 21.569 1019.878
168.482 63.884 1043.271
8.628 173.639 1102.963
78.268 10.289 1030.524
156.447 75.076 985.295
30.519 140.696 955.188
121.881 150.617 942.017
147.148 70.632 1044.233
113.533 132.472 1005.667
112.685 101.788 1000.895
65.998 123.234 1036.748
33.238 69.472 998.920
190.450 87.369 971.400
119.105 57.401 969.683
54.531 7.845 967.659
2.584 79.756 1141.206
139.835 135.115 1008.578
23.342 60.901 981.390
198.087 194.874 997.880
31.248 90.377 1000.642
179.833 14.552 1065.834
181.126 169.386 1014.724
45.869 52.091 1015.757
25.803 92.959 1078.800
175.533 113.454 972.201
76.374 90.900 953.776
9.020 83.279 987.554
175.743 79.467 1023.347
109.480 197.460 956.624
175.132 39.774 956.896
100.906 13.783 1053.718
17.632 121.877 959.925
126.102 101.755 888.427
45.837 82.216 986.366
109.092 150.435 1012.417
155.492 188.806 970.996
96.592 21.820 979.234
87.061 76.871 1020.937
170.297 190.632 965.679
113.909 47.249 1001.408
117.867 27.803 1062.210
103.007 68.677 997.371
120.847 21.293 1016.673
12.428 4.993 884.606
61.281 137.014 1003.639
102.638 88.472 996.919
191.099 146.629 919.134
73.821 190.134 983.001
142.280 54.643 1090.360
13.505 133.367 972.570
21.194 176.466 991.479
186.995 6.278 1005.968
152.190 187.649 1105.651
159.518 194.719 1042.174
178.888 0.499 991.116
46.445 146.338 1046.999
76.208 168.651 928.979
115.346 11.489 1019.806
91.374 19.453 990.781
186.392 98.793 922.906
2.210 66.383 1015.546
91.577 184.816 1030.936
11.054 165.837 1062.952
186.634 5.134 971.444
159.520 18.644 999.104
142.738 69.144 965.897
176.269 158.735 978.719
122.430 121.169 992.334
111.360 36.037 992.488
182.977 157.773 1033.422
197.962 176.191 1027.594
150.067 11.298 1021.510
20.497 193.940 1020.484
87.592 59.603 1004.898
33.486 176.400 1023.897
192.506 20.657 1004.866
153.363 3.973 938.950
174.316 71.064 932.786
161.356 23.467 1015.769
16.308 101.710 1068.397
55.929 37.459 1079.427
46.424 39.427 975.087
8.063 118.604 1033.477
4.378 175.101 990.017
87.647 40.513 979.491
34.372 23.247 1032.021
9.650 28.204 1007.714
190.550 199.532 943.050
22.101 169.488 963.576
53.666 153.156 993.995
83.416 86.534 980.124
124.323 104.727 1041.051
115.779 182.785 904.447
25.863 161.355 978.278
36.587 38.670 1039.888
14.134 5.494 994.529
142.662 103.795 994.229
87.740 184.103 1082.110
185.840 94.743 1011.154
175.514 159.222 1019.395
123.471 163.060 1052.982
174.668 136.342 968.922
197.530 91.377 1090.739
4.759 135.401 960.081
63.287 106.720 1023.081
93.119 58.034 910.098
61.606 2.039 1049.257
132.225 53.694 1018.268
154.236 96.963 1018.228
54.229 159.248 1015.047
144.493 37.832 1045.760
125.068 59.481 1009.877
128.414 88.529 900.556
136.851 71.964 1028.740
32.328 175.135 955.999
83.532 182.606 921.777
92.147 119.072 984.454
162.600 32.963 956.018
9.628 120.680 1097.548
57.208 6.785 1023.187
109.774 73.597 1039.634
87.311 13.880 1137.360
77.062 110.506 1060.634
135.805 65.542 978.803
33.614 148.632 920.150
118.968 185.801 939.177
181.265 48.871 944.077
31.773 123.748 1053.489
66.675 35.144 995.839
13.645 20.280 1002.213
133.948 87.748 963.946
82.470 23.843 908.698
17.601 162.525 1007.043
103.076 61.560 1027.595
40.133 139.506 1021.548
185.828 44.101 1021.409
5.158 140.736 984.350
69.649 60.011 1072.476
79.001 165.947 941.517
47.960 61.139 1003.091
25.220 144.779 1033.978
170.219 152.347 940.505
39.429 194.036 1022.735
68.709 81.172 953.300
175.448 14.058 1077.263
59.984 128.579 1029.283
111.979 3.527 964.497
123.050 12.276 1028.255
25.389 117.349 1032.901
74.011 199.776 981.518
135.241 132.129 966.773
61.553 3.689 1094.057
96.146 39.060 933.726
50.993 124.458 935.804
27.811 195.361 1042.429
133.178 134.520 914.854
61.683 185.494 1021.356
138.792 174.891 1075.294
92.886 68.016 952.721
136.067 118.325 954.793
192.888 63.516 960.401
32.877 32.679 1017.493
39.199 159.051 974.699
35.509 107.173 945.929
189.202 54.410 998.479
11.494 141.473 1057.457
180.067 104.376 1016.319
117.056 147.129 997.054
170.617 17.409 999.882
83.888 167.918 1057.082
103.833 92.775 945.216
143.532 68.235 985.824
160.426 94.742 994.164
132.708 80.808 1067.282
126.028 133.949 1010.701
71.402 71.959 976.102
152.331 37.094 1045.732
47.422 162.273 1004.785
73.393 11.480 998.050
5.120 56.153 998.724
72.095 155.371 974.321
196.797 151.472 998.363
179.670 96.328 996.140
46.625 78.657 1013.070
73.141 3.911 1029.821
166.404 198.066 965.071
18.680 158.925 940.051
47.094 133.770 995.150
47.741 191.008 1059.018
178.172 130.570 1010.766
27.831 77.965 1113.102
169.636 154.961 1010.761
101.494 2.501 930.124
165.904 172.352 1019.139
144.804 62.556 1113.393
75.775 59.694 1018.655
178.229 5.501 995.594
95.364 106.106 984.009
168.731 33.850 946.875
40.686 67.868 1094.738
187.368 162.519 1000.717
104.604 87.914 938.018
121.921 21.356 1067.747
113.846 66.638 1023.944
5.973 25.886 947.646
183.694 50.726 989.984
88.460 14.344 947.360
128.102 75.772 989.503
33.077 18.092 972.409
174.718 168.043 947.684
134.589 67.554 904.154
32.649 1.005 1003.319
116.840 71.507 986.180
17.635 179.043 973.647
38.868 189.247 993.067
159.286 71.062 1017.868
79.523 148.809 980.977
27.969 170.638 987.139
17.708 157.120 952.987
20.810 6.785 951.394
175.649 192.290 1063.681
194.454 112.359 986.735
49.069 62.360 1022.001
170.702 31.426 957.953
141.231 125.244 996.657
163.419 125.786 984.673
113.869 185.725 1056.410
171.682 90.201 985.478
154.905 185.098 1031.620
168.201 146.496 1045.215
93.707 8.952 1017.116
14.802 35.946 1004.518
127.748 48.069 1092.577
191.627 189.863 959.783
195.174 183.911 979.599
190.261 189.095 898.764
126.803 119.620 978.073
94.594 168.243 1021.460
67.587 146.175 984.194
182.271 90.830 960.966
96.739 182.549 1054.981
33.091 114.756 903.921
148.016 146.683 1052.617
88.007 72.138 986.216
180.462 131.304 951.475
6.045 186.151 935.337
167.380 121.777 996.510
2.946 193.746 1038.720
42.966 152.185 940.432
48.694 189.608 959.071
114.207 17.871 1010.627
24.637 151.379 1026.869
126.425 110.079 921.124
100.019 121.639 1060.948
197.866 35.891 985.156
158.340 20.984 1027.809
9.262 49.642 995.957
112.260 129.605 1022.569
177.220 148.913 938.133
155.075 51.988 935.955
20.858 56.133 999.449
113.279 67.788 1005.863
121.771 142.056 975.671
25.292 87.933 1079.135
199.368 59.822 964.339
167.845 57.830 1000.936
180.231 194.504 979.284
62.497 82.637 1045.116
194.853 173.994 976.168
96.294 180.239 1064.787
73.063 188.504 944.505
198.565 93.287 963.451
0.125 124.439 980.566
100.999 66.081 1119.176
15.089 168.104 1007.330
149.851 156.522 957.701
34.201 192.449 1038.890
58.195 139.758 1015.756
50.302 127.791 994.775
58.762 33.478 992.534
84.168 143.383 1065.923
44.285 117.012 1037.553
158.617 123.192 1036.971
81.866 173.814 972.246
102.340 49.255 940.772
175.178 97.348 967.069
118.257 157.423 1015.967
99.902 93.340 959.397
133.330 97.061 1136.479
112.162 150.720 929.109
161.811 71.944 998.508
29.793 79.006 985.296
135.504 160.507 982.420
187.684 180.891 922.124
154.417 33.030 1095.948
54.393 21.579 1025.732
73.023 63.931 963.795
85.345 93.393 1039.155
160.730 41.965 915.904
165.260 88.990 1019.230
104.847 27.682 1086.325
62.555 190.746 958.452
172.806 144.174 958.860
49.344 70.584 952.309
198.894 57.696 986.925
193.437 3.168 1058.285
76.654 27.651 988.632
67.868 159.408 1083.896
190.920 85.682 1064.664
2.671 66.991 1053.993
141.529 139.430 957.907
196.705 193.200 964.098
74.908 19.042 987.783
12.073 159.546 1033.252
7.310 136.935 934.754
175.895 19.222 942.916
183.811 19.427 929.106
124.917 17.687 975.408
94.479 194.413 1055.417
167.571 96.829 994.600
51.450 27.903 967.455
90.827 184.763 1113.271
127.514 107.031 960.906
79.962 89.428 965.051
0.481 7.856 964.874
163.959 57.962 1018.828
113.586 56.549 972.873
181.520 111.046 943.211
8.012 195.685 1025.762
136.140 164.928 958.578
198.006 124.066 927.176
120.109 164.705 1041.125
25.361 54.552 1031.034
28.738 167.278 986.762
40.168 182.776 1010.188
34.716 59.777 1021.798
177.201 126.532 956.082
19.914 40.961 970.865
167.428 115.026 955.680
178.907 84.991 1035.279
35.532 9.825 1051.592
72.694 130.904 1030.414
33.788 159.833 1024.515
78.273 46.341 979.371
11.889 90.449 1090.175
169.672 110.044 1038.897
86.611 161.919 920.842
78.377 114.300 958.483
66.267 102.325 974.866
27.009 135.096 1084.949
167.788 165.112 1020.862
4.931 137.234 1029.403
77.381 73.138 948.009
176.112 53.241 980.910
74.504 14.204 1011.107
196.006 141.847 918.951
199.346 190.592 1030.232
43.696 133.448 999.658
13.980 161.852 1042.168
139.374 9.237 1059.342
89.533 120.544 962.390
45.242 92.980 1037.826
160.512 164.828 1015.336
90.675 149.581 900.329
192.011 145.267 1004.317
141.544 186.919 1002.172
122.121 165.033 968.248
197.351 119.569 1030.061
10.926 117.228 1003.323
180.425 179.186 989.937
42.259 143.769 1073.746
58.387 138.629 1007.587
54.083 100.302 1013.785
45.667 189.062 951.760
34.335 13.816 1018.042
80.864 189.091 1039.338
135.502 136.275 959.125
107.267 135.078 973.970
86.358 144.166 1020.536
32.408 36.476 1019.750
175.983 32.647 889.010
61.702 158.350 962.697
97.255 93.648 957.466
20.925 116.570 974.930
60.776 58.908 1011.553
177.226 172.341 1005.681
103.820 84.237 1033.593
62.079 122.789 917.259
188.225 9.708 987.242
93.088 114.573 984.984
101.458 92.207 990.604
171.064 145.841 1010.584
86.282 120.046 971.676
172.171 46.955 923.763
32.556 88.102 1021.524
23.662 142.796 999.470
89.753 176.467 1075.461
44.465 67.193 1085.249
194.364 144.372 960.613
21.048 61.502 998.499
55.380 35.001 978.682
108.343 17.826 997.754
138.189 87.744 1031.659
65.318 182.882 977.329
35.523 44.371 957.435
21.725 111.938 993.303
32.600 70.312 945.253
186.850 35.697 1064.731
160.428 164.294 1009.322
193.008 28.285 968.316
108.638 92.381 1016.818
82.177 129.663 946.307
24.075 74.799 1053.330
108.123 45.879 901.722
99.872 36.943 1004.057
9.519 25.226 961.592
118.249 79.908 931.348
168.867 7.903 1001.865
65.783 174.403 906.755
0.000 30.878 10766.154
10.219 0.000 9847.760
200.000 171.994 10010.906
22.366 200.000 9904.157
0.000 143.595 10710.041
190.847 0.000 9856.671
200.000 59.087 10284.200
64.381 200.000 9830.671
0.000 101.292 9882.316
7.059 0.000 9957.662
200.000 41.492 10012.263
143.539 200.000 10389.503
0.000 125.429 9931.180
144.433 0.000 10045.066
200.000 60.071 10587.953
58.305 200.000 10026.067
0.000 20.085 9584.904
140.226 0.000 9618.175
200.000 14.186 10482.006
115.957 200.000 9913.983
0.000 188.876 10817.093
164.035 0.000 10230.145
200.000 178.358 9806.878
24.947 200.000 10546.844
0.000 120.053 10234.520
49.182 0.000 9134.288
200.000 135.176 10896.866
28.682 200.000 10678.581
0.000 179.572 10506.107
170.499 0.000 9964.031
200.000 58.798 10534.802
185.787 200.000 10076.550
0.000 123.988 8792.977
18.210 0.000 10068.534
200.000 77.067 10148.429
26.007 200.000 9924.931
0.000 40.900 9445.722
169.785 0.000 10363.675
200.000 122.049 9255.238
118.083 200.000 10635.222
0.000 184.587 10229.215
185.099 0.000 9535.223
200.000 127.530 10266.077
64.660 200.000 9755.020
0.000 8.724 10790.492
51.732 0.000 9488.181
200.000 92.283 10471.449
168.836 200.000 11087.300
0.000 121.769 10684.221
48.512 0.000 9698.004
200.000 167.822 9866.799
108.168 200.000 9992.811
0.000 178.590 9748.537
133.899 0.000 9458.694
200.000 154.384 10742.904
102.291 200.000 9911.905
0.000 167.880 9502.680
62.604 0.000 10376.943
200.000 88.599 9738.132
141.107 200.000 10301.620
0.000 104.554 9744.865
128.403 0.000 10720.275
200.000 81.383 8858.747
85.861 200.000 10050.995
0.000 197.302 10545.062
77.307 0.000 10115.793
200.000 137.020 9828.106
191.727 200.000 9727.414
0.000 136.860 10328.776
136.098 0.000 9209.605
200.000 192.742 9885.458
188.269 200.000 10096.221
0.000 131.275 9455.727
2.439 0.000 9969.731
200.000 145.905 9673.091
42.616 200.000 10731.284
0.000 190.093 10194.568
174.433 0.000 10190.647
200.000 68.845 9562.771
189.787 200.000 9529.235
0.000 38.052 9835.675
0.455 0.000 9764.634
200.000 171.368 9508.060
175.662 200.000 9423.624
0.000 48.937 10896.961
161.265 0.000 9564.826
200.000 56.043 11112.558
116.129 200.000 9913.025
0.000 155.580 10352.223
181.571 0.000 9688.409
200.000 147.428 9575.096
160.897 200.000 10048.870
0.000 84.210 10313.203
40.891 0.000 9218.973
200.000 106.607 9536.498
192.327 200.000 10288.420
0.000 33.903 9409.707
60.420 0.000 10662.470
200.000 38.121 9788.551
130.034 200.000 9979.166
0.000 114.603 9989.983
123.326 0.000 9859.445
200.000 151.332 9734.370
109.475 200.000 9851.079
0.000 143.965 10091.657
22.214 0.000 10324.918
200.000 82.944 9552.688
33.691 200.000 9433.360
0.000 88.193 9846.942
58.335 0.000 10102.126
200.000 55.799 9616.775
99.901 200.000 11246.601
0.000 48.408 10168.248
132.034 0.000 9682.233
200.000 15.047 9302.761
147.482 200.000 10176.002
0.000 30.772 10179.924
32.513 0.000 10167.096
200.000 154.943 9747.477
125.926 200.000 9456.554
0.000 21.841 10036.816
59.513 0.000 9593.054
200.000 199.535 9781.775
14.791 200.000 10264.017
0.000 104.281 10737.202
15.201 0.000 10468.153
200.000 144.821 10016.430
108.820 200.000 9949.865
0.000 37.302 9804.599
104.119 0.000 10605.067
200.000 64.777 10466.406
147.829 200.000 10112.891
0.000 189.802 9393.277
65.540 0.000 10392.217
200.000 150.087 10420.033
113.277 200.000 9770.962
0.000 55.707 10075.831
85.213 0.000 9848.888
200.000 198.359 10452.963
126.104 200.000 10651.737
0.000 36.848 10418.685
160.933 0.000 10420.856
200.000 196.662 9665.992
191.875 200.000 10589.878
0.000 100.037 10065.374
118.367 0.000 9208.446
200.000 123.899 10337.437
29.742 200.000 9781.702
0.000 14.503 10344.747
197.457 0.000 10186.511
200.000 132.175 10107.506
109.809 200.000 10291.655
0.000 197.523 10296.615
39.854 0.000 9462.175
200.000 119.198 9603.780
136.699 200.000 10011.415
0.000 148.200 9979.695
7.808 0.000 10416.971
200.000 82.323 10921.562
0.225 200.000 11087.608
0.000 75.009 10149.397
8.053 0.000 9698.462
200.000 140.505 9401.641
143.675 200.000 10119.099
0.000 181.289 10321.383
190.556 0.000 9546.122
200.000 149.218 9419.804
28.480 200.000 9962.325
0.000 124.882 10044.131
195.898 0.000 9910.838
200.000 105.115 10060.583
32.922 200.000 9406.889
0.000 176.720 9810.274
8.566 0.000 10726.434
200.000 102.759 10346.542
69.386 200.000 10464.280
0.000 184.860 10323.110
154.639 0.000 10359.925
200.000 49.785 10793.166
22.120 200.000 11011.533
0.000 159.199 10425.321
73.893 0.000 10282.097
200.000 166.203 9978.230
156.457 200.000 10051.901
0.000 187.459 9709.355
96.512 0.000 11095.031
200.000 184.879 9668.675
88.250 200.000 9572.363
0.000 186.012 10371.325
9.145 0.000 10398.111
200.000 121.988 9531.690
130.693 200.000 9735.774
0.000 107.730 9952.267
136.277 0.000 10694.614
200.000 189.713 10088.030
199.495 200.000 10683.984
0.000 54.545 10034.644
84.199 0.000 9277.164
200.000 43.794 10120.093
188.578 200.000 10350.236
0.000 153.526 9509.437
118.905 0.000 9842.249
200.000 187.704 9539.611
97.643 200.000 10432.605
0.000 72.597 10080.851
105.619 0.000 10217.389
200.000 163.344 10186.409
13.338 200.000 9914.943
0.000 125.901 10315.630
105.170 0.000 10421.292
200.000 135.849 9474.292
117.186 200.000 9438.033
0.000 7.188 9903.870
111.452 0.000 10446.200
200.000 170.386 9227.329
20.611 200.000 9760.286
0.000 59.242 10013.043
158.766 0.000 10117.631
200.000 139.258 10074.560
67.109 200.000 10064.857
0.000 11.539 9268.200
120.779 0.000 9827.711
200.000 156.840 9292.009
28.226 200.000 9659.703
0.000 24.163 9890.484
12.080 0.000 10431.062
200.000 76.868 10286.059
105.226 200.000 10538.495
0.000 146.258 9875.150
91.308 0.000 10338.686
200.000 197.862 9880.030
115.754 200.000 9532.683
0.000 76.991 9818.713
157.623 0.000 9991.749
200.000 195.868 9567.325
187.040 200.000 9668.866
0.000 25.276 10396.011
176.839 0.000 10200.377
200.000 7.149 10006.695
97.910 200.000 10789.672
0.000 6.954 10750.766
41.290 0.000 9804.226
200.000 70.663 9513.667
15.986 200.000 8661.577
0.000 157.452 9564.821
40.650 0.000 10188.220
200.000 42.822 9133.092
3.322 200.000 10090.533
0.000 172.518 10150.537
183.526 0.000 9087.126
200.000 78.318 10747.961
29.632 200.000 9804.005
0.000 37.041 10840.128
51.980 0.000 9517.688
200.000 22.121 9950.685
41.077 200.000 8821.042
0.000 88.756 9487.795
170.358 0.000 9750.458
200.000 7.440 10092.636
21.584 200.000 10053.515
0.000 58.051 10333.771
47.074 0.000 10259.134
200.000 107.297 10114.550
109.359 200.000 10121.191
0.000 86.356 10317.670
107.656 0.000 10290.073
200.000 173.370 10144.705
192.974 200.000 10449.667
0.000 162.975 9708.418
112.934 0.000 9636.242
200.000 13.233 8998.042
78.415 200.000 10062.885
0.000 47.713 10807.474
27.716 0.000 10533.271
200.000 5.855 10809.507
157.367 200.000 10695.161
0.000 92.245 9850.289
167.398 0.000 9998.625
200.000 5.193 10031.461
157.959 200.000 9765.491
0.000 10.514 10388.899
145.230 0.000 9839.616
200.000 102.358 8772.008
134.897 200.000 11088.137
0.000 29.088 9735.655
22.870 0.000 9934.142
200.000 101.087 9679.237
0.848 200.000 9929.504
0.000 70.786 9459.176
167.758 0.000 10422.973
200.000 99.411 10302.769
66.046 200.000 10168.367
0.000 116.276 9726.540
96.214 0.000 10471.971
200.000 27.088 9368.731
198.612 200.000 10458.863
0.000 84.163 9151.387
82.501 0.000 10202.779
200.000 103.959 10102.589
155.821 200.000 9547.838
0.000 138.475 9817.683
2.620 0.000 10312.331
200.000 81.266 9146.267
90.272 200.000 10164.269
0.000 151.582 9232.409
176.017 0.000 10286.256
200.000 90.731 10164.944
183.659 200.000 9880.721
0.000 20.706 10043.560
154.038 0.000 9055.509
200.000 67.507 9707.168
150.135 200.000 9260.849
0.000 165.373 10325.460
32.306 0.000 9357.739
200.000 8.808 10445.053
71.222 200.000 10073.310
0.000 156.319 10677.196
104.425 0.000 9133.039
200.000 160.662 9935.342
21.054 200.000 9473.487
0.000 117.207 9383.825
135.685 0.000 10003.125
200.000 45.380 10248.008
62.667 200.000 10050.435
0.000 30.464 9608.406
162.800 0.000 9576.314
200.000 88.921 10096.323
2.523 200.000 9891.850
0.000 45.106 9769.816
116.903 0.000 10541.158
200.000 150.609 8660.215
180.971 200.000 9793.320
0.000 21.527 10284.963
172.636 0.000 9807.712
200.000 80.906 10889.692
26.589 200.000 9825.437
0.000 165.293 9853.024
90.910 0.000 10093.358
200.000 86.929 10186.828
105.600 200.000 10209.939
0.000 71.450 10514.323
84.799 0.000 9840.950
200.000 152.385 10965.400
113.742 200.000 10183.734
0.000 11.611 10596.001
75.723 0.000 9358.528
200.000 159.197 10216.285
149.995 200.000 9073.195
0.000 105.462 9520.854
148.697 0.000 10218.503
200.000 120.250 10689.148
123.715 200.000 9965.509
0.000 163.660 10233.853
161.317 0.000 10222.675
200.000 88.559 9529.827
132.319 200.000 10541.832
0.000 98.016 10462.835
96.627 0.000 10951.800
200.000 70.858 9279.334
39.238 200.000 9784.044
0.000 181.390 10952.884
84.882 0.000 9397.388
200.000 178.725 10353.267
139.384 200.000 9856.677
0.000 73.872 10296.846
165.343 0.000 9357.834
200.000 92.145 10549.409
105.914 200.000 9637.492
0.000 79.911 9295.998
176.090 0.000 10152.652
200.000 85.688 10191.175
100.928 200.000 10235.337
0.000 107.199 10548.905
155.247 0.000 10118.082
200.000 65.645 10593.268
127.644 200.000 10425.283
0.000 62.729 10364.126
91.445 0.000 9785.547
200.000 180.805 10032.116
172.509 200.000 10260.978
0.000 25.435 9713.833
76.957 0.000 9081.184
200.000 186.440 9945.301
92.917 200.000 9739.739
0.000 58.712 9836.417
78.188 0.000 9100.064
200.000 99.473 9501.779
94.102 200.000 10842.661
0.000 102.672 9980.623
141.520 0.000 9305.469
200.000 183.354 9166.266
137.135 200.000 9363.197
0.000 63.760 9294.943
33.928 0.000 9942.015
200.000 54.328 10650.429
189.308 200.000 10136.107
0.000 155.667 9969.521
76.041 0.000 9727.751
200.000 11.611 9927.464
133.722 200.000 10333.513
0.000 52.440 9965.217
158.750 0.000 10556.970
200.000 24.400 9955.802
141.309 200.000 9593.002
0.000 73.308 10037.962
83.122 0.000 10502.551
200.000 6.892 9486.878
90.133 200.000 10037.052
0.000 152.296 10717.113
91.905 0.000 10236.449
200.000 34.691 9731.766
61.687 200.000 10281.208
0.000 67.805 9276.977
15.526 0.000 9870.305
200.000 131.024 9608.920
54.022 200.000 10183.551
0.000 119.600 9945.453
179.933 0.000 8989.436
200.000 178.022 9831.491
59.379 200.000 10136.606
0.000 45.792 9487.941
148.355 0.000 10141.372
200.000 189.002 9684.236
78.153 200.000 9550.669
0.000 44.597 10259.966
140.706 0.000 9967.118
200.000 188.201 9913.089
105.811 200.000 9626.649
0.000 22.518 10189.413
37.530 0.000 9501.709
200.000 60.842 8954.771
169.329 200.000 10223.389
0.000 173.008 10229.917
181.308 0.000 10368.861
200.000 152.308 10235.855
38.454 200.000 8932.308
0.000 132.319 10231.289
170.852 0.000 9624.974
200.000 198.551 10054.585
127.933 200.000 9744.688
0.000 41.503 10041.024
105.355 0.000 9914.077
200.000 70.863 9124.940
166.648 200.000 9685.755
0.000 34.920 9906.908
180.110 0.000 10311.482
200.000 93.204 9527.215
105.038 200.000 9520.224
0.000 88.426 10360.008
104.056 0.000 9987.701
200.000 34.605 10532.145
99.973 200.000 10284.336
0.000 154.599 10212.963
15.281 0.000 10184.808
200.000 4.311 8876.360
116.709 200.000 10776.482
0.000 189.770 9822.006
163.177 0.000 10191.900
200.000 125.539 9921.126
176.799 200.000 10018.096
0.000 39.144 10451.752
54.951 0.000 10214.894
200.000 109.085 10297.773
60.826 200.000 9749.722
0.000 73.241 9909.691
108.378 0.000 10361.615
200.000 154.051 9872.069
141.786 200.000 9889.662
0.000 84.539 9887.885
91.561 0.000 10285.169
200.000 83.303 9772.098
111.934 200.000 9709.848
0.000 185.187 10407.167
157.447 0.000 10385.550
200.000 27.360 9939.252
39.566 200.000 10073.828
0.000 140.794 10209.231
125.170 0.000 8802.898
200.000 128.784 9873.242
117.688 200.000 9015.927
0.000 47.974 9817.841
150.633 0.000 10448.105
200.000 57.670 9177.342
12.621 200.000 10737.080
0.000 98.102 10321.899
162.443 0.000 9967.455
200.000 39.056 10132.231
4.711 200.000 10295.447
0.000 33.050 10414.000
127.504 0.000 9296.392
200.000 162.397 10560.437
94.076 200.000 11058.544
0.000 106.919 10161.156
57.817 0.000 9909.984
200.000 86.917 10212.465
112.240 200.000 10722.100
0.000 148.033 10031.534
161.647 0.000 10105.998
200.000 53.131 10328.372
60.492 200.000 9639.119
0.000 185.455 9543.031
93.265 0.000 10649.606
200.000 18.424 10329.464
11.776 200.000 10724.836
0.000 108.574 9868.338
48.021 0.000 10013.426
200.000 112.261 11051.197
178.998 200.000 10778.115
0.000 13.382 10633.827
38.869 0.000 9697.099
200.000 92.489 9655.077
82.076 200.000 9909.428
0.000 143.625 9978.329
61.195 0.000 9436.541
200.000 161.485 10219.761
63.173 200.000 9804.968
0.000 123.606 10235.224
37.626 0.000 10239.854
200.000 171.589 10222.874
197.858 200.000 10170.400
0.000 93.392 9354.070
60.971 0.000 10435.826
200.000 180.158 9829.150
191.267 200.000 10133.477
0.000 92.904 10666.105
20.872 0.000 9642.043
200.000 137.863 9745.820
59.339 200.000 9743.343
0.000 54.395 10085.556
131.011 0.000 9794.326
200.000 24.327 10209.774
199.426 200.000 8961.756
0.000 56.969 9627.960
112.126 0.000 10480.231
200.000 139.613 10715.712
147.637 200.000 10378.327
0.000 122.250 9734.452
17.116 0.000 10600.739
200.000 172.372 10062.036
191.763 200.000 9165.391
0.000 169.727 9402.607
48.788 0.000 9469.668
200.000 169.328 10018.919
66.311 200.000 9847.589
0.000 78.215 9199.405
5.230 0.000 10304.469
200.000 93.668 9503.188
86.777 200.000 10271.662
0.000 62.553 10477.767
47.625 0.000 9188.214
200.000 141.745 10312.021
114.048 200.000 9829.289
0.000 140.923 9831.902
119.731 0.000 10029.363
200.000 162.503 9839.116
171.244 200.000 9369.301
0.000 145.753 10111.382
155.194 0.000 9805.651
200.000 89.854 10827.304
94.148 200.000 9948.130
0.000 63.323 10246.921
83.983 0.000 8672.582
200.000 42.572 10379.867
154.598 200.000 10222.857
0.000 48.258 10646.894
39.354 0.000 9500.292
200.000 100.780 9516.853
174.479 200.000 9216.165
0.000 162.518 11052.772
191.311 0.000 9712.944
200.000 103.511 10209.906
198.019 200.000 10141.339
0.000 10.944 10616.796
19.064 0.000 10344.558
200.000 119.911 9417.021
91.323 200.000 10400.011
0.000 40.453 9247.741
138.171 0.000 9610.622
200.000 104.272 10079.439
96.904 200.000 10113.978
0.000 190.089 10237.631
129.930 0.000 10052.843
200.000 40.919 9830.739
175.804 200.000 10338.537
0.000 190.712 9621.890
109.880 0.000 8836.616
200.000 151.956 10469.101
58.175 200.000 10417.189
0.000 114.737 9845.169
91.556 0.000 10196.880
200.000 83.292 10243.026
106.315 200.000 9965.327
0.000 111.711 9132.219
60.057 0.000 10432.209
200.000 49.725 8752.634
27.823 200.000 9114.105
0.000 12.681 10326.542
109.102 0.000 10100.040
200.000 143.586 9175.356
171.468 200.000 10386.685
0.000 35.858 10314.582
181.072 0.000 9616.492
200.000 148.705 9286.817
104.829 200.000 9015.977
0.000 30.616 9946.314
197.688 0.000 9788.531
200.000 149.537 9584.974
52.165 200.000 10482.055
0.000 32.923 10706.260
98.961 0.000 9859.818
200.000 155.692 10900.744
196.958 200.000 9283.699
0.000 8.132 9989.074
37.720 0.000 10196.844
200.000 72.556 10528.698
170.901 200.000 9088.677
0.000 128.856 9426.838
195.413 0.000 10531.228
200.000 125.422 9946.058
156.424 200.000 11468.247
0.000 72.231 9929.948
119.047 0.000 9836.129
200.000 40.303 10131.145
110.018 200.000 9147.642
0.000 189.787 9909.967
125.622 0.000 10190.324
200.000 29.986 10179.963
192.249 200.000 10029.543
0.000 37.259 10689.571
85.234 0.000 10463.979
200.000 6.402 9128.954
95.380 200.000 9041.775
0.000 151.601 10439.913
99.114 0.000 10002.574
200.000 44.310 9664.189
50.023 200.000 10797.191
0.000 74.219 10425.859
137.892 0.000 10608.366
200.000 158.056 10779.381
41.052 200.000 9929.502
0.000 162.361 9506.419
51.501 0.000 8907.286
200.000 16.012 10553.557
192.652 200.000 10006.269
0.000 122.452 9276.174
110.333 0.000 10885.375
200.000 42.924 11386.870
57.742 200.000 9669.947
0.000 199.366 9965.344
177.111 0.000 10473.802
200.000 179.091 10134.700
32.512 200.000 9836.877
0.000 124.268 9489.175
74.780 0.000 10835.207
200.000 23.180 10188.917
100.036 200.000 9087.337
0.000 3.947 10399.150
116.090 0.000 9939.795
200.000 13.134 9593.444
90.549 200.000 10229.526
0.000 116.796 9598.001
194.584 0.000 9893.656
200.000 47.136 9375.264
123.602 200.000 9906.582
0.000 7.324 9471.972
102.176 0.000 10004.951
200.000 103.528 10287.280
199.681 200.000 10298.338
0.000 176.164 9127.884
194.155 0.000 9213.665
200.000 138.132 10284.843
25.547 200.000 10009.245
0.000 71.493 9336.082
119.795 0.000 10923.789
200.000 47.786 9974.716
188.961 200.000 9448.618
0.000 157.028 10043.322
90.872 0.000 10524.806
200.000 18.675 10893.772
126.185 200.000 9927.553
0.000 183.244 10431.009
33.597 0.000 10422.831
200.000 161.188 9808.372
173.512 200.000 9485.473
0.000 22.459 9289.631
73.987 0.000 9771.019
200.000 161.495 11250.855
67.241 200.000 10382.743
0.000 106.259 9434.453
114.777 0.000 8595.058
200.000 65.622 9682.016
88.851 200.000 9586.788
0.000 37.634 10763.749
196.369 0.000 9568.521
200.000 9.172 10458.829
29.577 200.000 10444.454
0.000 32.607 9943.378
30.142 0.000 9858.878
200.000 139.001 9111.763
73.153 200.000 10401.578
0.000 75.929 9413.871
194.916 0.000 10551.547
200.000 25.474 9703.638
28.867 200.000 9683.537
0.000 185.957 9789.866
75.774 0.000 10394.385
200.000 103.493 9056.885
188.100 200.000 9829.008
0.000 128.881 9651.866
113.175 0.000 10209.277
200.000 32.292 10702.750
27.181 200.000 10812.600
0.000 60.590 10218.740
79.448 0.000 10799.032
200.000 139.030 9648.201
95.631 200.000 9360.315
0.000 170.093 10549.403
184.705 0.000 10434.904
200.000 116.055 9674.517
148.009 200.000 9943.741
0.000 67.529 9987.252
151.423 0.000 9671.144
200.000 180.339 9589.712
125.031 200.000 10775.112
0.000 191.466 10274.295
26.759 0.000 9899.963
200.000 79.956 10501.525
125.563 200.000 10899.936
0.000 21.977 9818.955
138.725 0.000 10261.083
200.000 52.148 9865.540
136.487 200.000 9662.729
0.000 139.360 10573.065
16.802 0.000 10183.688
200.000 159.813 9752.576
49.297 200.000 9741.437
0.000 89.199 10542.711
72.258 0.000 10874.993
200.000 152.411 10563.784
198.203 200.000 10588.394
0.000 16.997 10045.538
16.147 0.000 9621.849
200.000 3.858 10344.437
88.819 200.000 10683.684
0.000 67.484 9207.677
187.093 0.000 10720.318
200.000 57.823 10808.178
116.037 200.000 9467.772
0.000 44.468 9133.579
90.634 0.000 11043.642
200.000 52.696 10032.049
24.195 200.000 9520.497
0.000 138.622 9837.986
41.712 0.000 10576.588
200.000 118.946 9738.183
130.264 200.000 10522.653
0.000 4.606 10012.595
164.140 0.000 10008.815
200.000 94.461 10095.516
189.013 200.000 9680.319
0.000 140.439 9877.191
155.153 0.000 10444.047
200.000 5.151 9594.733
27.301 200.000 10455.626
0.000 74.946 11199.284
55.478 0.000 9524.681
200.000 191.701 10006.694
49.495 200.000 11002.308
0.000 132.699 9701.404
26.469 0.000 10702.194
200.000 8.407 8963.691
69.164 200.000 9354.560
0.000 144.400 9814.540
154.844 0.000 9993.483
200.000 178.088 9720.257
129.526 200.000 9254.944
0.000 56.996 10471.686
188.077 0.000 10252.216
200.000 71.206 9473.260
126.229 200.000 10537.094
0.000 33.715 11573.302
115.974 0.000 10856.543
200.000 185.173 10788.984
162.938 200.000 9702.071
0.000 0.707 10229.497
62.163 0.000 9722.058
200.000 192.317 10759.385
181.967 200.000 9613.400
0.000 23.769 10395.782
127.187 0.000 9807.979
200.000 2.208 9940.641
65.802 200.000 9381.322
0.000 9.677 10174.381
128.128 0.000 11041.995
200.000 147.283 10600.580
51.101 200.000 10494.047
0.000 115.425 9651.163
93.500 0.000 9271.595
200.000 59.820 10324.692
42.102 200.000 9002.988
0.000 45.400 10200.316
90.877 0.000 9507.832
200.000 189.287 10409.037
4.237 200.000 10231.286
0.000 143.386 10355.362
37.001 0.000 9835.017
200.000 53.851 9622.807
113.234 200.000 9956.484
0.000 99.655 10063.395
197.325 0.000 10122.609
200.000 12.154 9027.440
174.650 200.000 10587.031
0.000 149.047 9920.329
44.289 0.000 8719.943
200.000 100.179 9416.192
173.456 200.000 10023.779
0.000 194.945 10295.864
118.394 0.000 9634.644
200.000 107.903 9612.978
16.774 200.000 9840.230
0.000 184.198 9981.550
197.371 0.000 10958.004
200.000 129.293 10104.224
49.996 200.000 9611.657
0.000 8.032 11048.403
27.820 0.000 9762.949
200.000 91.177 9727.009
54.147 200.000 10275.408
0.000 6.989 10740.641
26.043 0.000 9395.832
200.000 138.156 9477.363
48.734 200.000 10047.918
0.000 143.123 9332.648
92.536 0.000 10102.619
200.000 31.250 9420.719
69.886 200.000 10492.744
0.000 30.318 9930.398
160.587 0.000 10319.015
200.000 139.760 10508.656
163.456 200.000 9340.297
0.000 57.928 9409.749
132.037 0.000 9207.547
200.000 76.142 10665.349
28.450 200.000 10025.971
0.000 153.050 11189.482
195.365 0.000 10668.821
200.000 142.590 10288.138
46.617 200.000 10562.109
0.000 166.845 10219.856
81.786 0.000 9278.152
200.000 107.168 10617.725
174.454 200.000 9756.733
0.000 94.606 9315.244
16.497 0.000 9769.215
200.000 189.586 9332.278
173.886 200.000 10439.434
0.000 179.213 11031.419
26.736 0.000 10163.270
200.000 169.734 9962.828
139.798 200.000 9463.887
0.000 7.766 10461.631
63.803 0.000 9971.053
200.000 145.164 9951.256
199.779 200.000 9989.157
0.000 114.415 9915.124
19.349 0.000 9844.532
200.000 57.929 8920.431
40.021 200.000 9103.088
0.000 119.782 8449.563
158.904 0.000 10137.924
200.000 69.469 10997.106
74.334 200.000 10450.665
0.000 190.726 10539.656
119.718 0.000 10673.939
200.000 28.227 9953.355
121.771 200.000 9899.449
0.000 197.730 10070.801
85.759 0.000 8910.617
200.000 121.893 9911.971
74.346 200.000 10424.422
0.000 104.336 10826.796
18.146 0.000 10945.492
200.000 60.277 10440.009
52.434 200.000 10008.817
0.000 189.816 10309.150
170.950 0.000 10582.361
200.000 101.591 9698.845
139.164 200.000 9436.391
0.000 120.683 9589.539
178.244 0.000 9220.269
200.000 111.718 10404.856
191.577 200.000 10099.997
0.000 41.426 10713.173
24.683 0.000 9942.747
200.000 49.574 10410.020
68.909 200.000 10560.060
0.000 9.177 10032.723
132.904 0.000 9610.629
200.000 68.452 10500.074
31.561 200.000 10100.025
0.000 114.033 9858.695
63.922 0.000 10042.448
200.000 41.514 10128.397
138.541 200.000 10036.275
0.000 21.590 10119.127
149.984 0.000 10185.384
200.000 13.275 9195.132
1.312 200.000 9980.382
0.000 144.851 10741.279
61.632 0.000 10225.669
200.000 34.073 10270.907
71.269 200.000 9956.552
0.000 125.706 10130.304
86.423 0.000 10370.900
200.000 91.543 9671.419
149.507 200.000 11317.958
0.000 64.737 9830.579
88.008 0.000 9365.301
200.000 56.216 10531.737
31.435 200.000 9944.380
0.000 113.154 9767.525
74.795 0.000 9554.608
200.000 134.227 9865.750
16.877 200.000 10677.434
0.000 128.058 8323.208
10.594 0.000 10324.109
200.000 60.269 9588.241
31.561 200.000 9912.861
0.000 112.162 10161.352
101.064 0.000 10018.497
200.000 25.503 9974.347
51.132 200.000 10163.940
0.000 63.034 9400.019
107.963 0.000 9061.439
200.000 117.192 9419.199
102.092 200.000 9708.739
0.000 87.098 10340.075
186.576 0.000 10124.015
200.000 43.684 10344.130
33.029 200.000 11133.933
0.000 28.792 9799.185
19.192 0.000 9710.103
200.000 173.949 10861.857
14.329 200.000 10523.085
0.000 193.393 10080.485
69.518 0.000 9135.576
200.000 158.922 10155.609
23.283 200.000 9740.993
0.000 140.404 9172.540
97.587 0.000 9665.713
200.000 98.368 10447.352
138.331 200.000 8859.243
0.000 73.475 9915.104
108.362 0.000 9554.852
200.000 88.310 9371.501
10.561 200.000 9208.986
0.000 199.920 9426.439
109.477 0.000 10230.188
200.000 142.521 10521.998
84.395 200.000 9977.900
0.000 12.330 9810.983
113.395 0.000 9387.565
200.000 105.583 9879.422
54.309 200.000 10553.498
0.000 160.985 11007.711
134.343 0.000 10448.351
200.000 88.131 9858.481
26.826 200.000 10929.880
0.000 134.524 9920.720
105.158 0.000 10704.126
200.000 55.253 9474.142
153.176 200.000 10319.638
0.000 101.578 9925.089
13.438 0.000 9258.511
200.000 91.837 9576.995
152.246 200.000 9105.970
0.000 136.090 10161.630
32.280 0.000 10341.300
200.000 20.600 11044.284
52.609 200.000 10010.664
0.000 41.983 9296.539
115.442 0.000 9965.573
200.000 12.107 9767.684
77.396 200.000 9413.639
0.000 163.890 10201.237
130.942 0.000 10341.059
200.000 88.751 9529.397
29.762 200.000 10393.419
0.000 7.123 9944.269
141.065 0.000 9534.149
200.000 20.988 10457.520
185.458 200.000 9853.372
0.000 35.761 9725.063
155.997 0.000 9969.100
200.000 52.836 9891.083
2.263 200.000 10322.189
0.000 193.456 9754.353
183.078 0.000 9520.925
200.000 78.440 9712.023
51.071 200.000 11066.577
0.000 55.550
