48.174 59.440 2.994 -0.026 1010.399
100.946 166.346 2.307 0.005 1018.962
54.566 79.576 2.448 -0.041 1080.851
137.999 173.148 2.879 -0.182 954.582
192.203 165.804 -3.555 -0.237 929.307
171.961 87.718 -1.551 -0.532 919.177
190.771 135.433 3.058 0.037 1014.868
92.885 84.081 1.890 0.151 971.944
190.395 92.120 3.088 -0.075 961.705
68.139 8.687 5.509 -0.331 980.672
171.516 85.061 -0.738 -0.493 908.316
155.747 176.401 2.867 -0.211 999.214
56.176 82.732 2.259 0.105 1021.310
54.571 166.590 3.544 0.115 1011.976
53.551 127.528 2.390 -0.098 1026.584
63.418 162.396 4.666 0.334 1002.721
192.051 130.533 2.925 -0.018 966.765
182.224 120.813 0.058 0.252 983.879
134.871 15.599 3.949 0.037 1058.632
57.585 117.889 2.177 0.047 1000.501
150.515 163.490 2.306 -0.086 976.144
54.844 27.651 3.670 -0.248 1093.068
189.315 60.704 2.983 -0.010 1071.204
64.036 37.756 4.480 -0.065 1007.995
117.452 107.613 1.461 -0.011 941.271
191.114 99.777 -3.672 0.234 1001.241
137.873 5.132 7.810 -0.157 927.026
98.254 135.831 1.889 0.017 1045.262
63.587 123.044 1.957 0.013 916.115
125.384 168.296 2.610 -0.040 1055.667
178.297 180.541 3.509 -0.168 998.586
113.584 77.948 1.797 -0.096 946.923
107.976 167.702 2.517 0.153 1046.351
57.523 21.746 4.028 -0.317 1016.617
119.190 57.235 2.006 0.043 996.399
181.082 23.745 -2.338 0.434 1015.232
123.645 4.649 8.051 -0.214 1074.698
51.563 63.995 3.631 0.029 963.480
109.244 59.441 1.873 -0.044 1051.452
151.506 89.313 1.766 -0.019 1040.031
56.908 170.062 3.192 0.125 962.704
65.691 16.577 3.650 -0.190 873.433
163.749 19.191 3.487 0.124 963.378
167.606 63.273 2.255 0.098 993.993
144.178 94.901 1.758 0.053 911.092
171.083 92.686 2.004 0.026 980.007
84.864 54.783 1.728 -0.020 1071.290
183.124 169.730 -2.835 -0.202 882.841
104.193 110.051 1.751 -0.114 982.111
183.899 181.861 -0.462 -1.272 1026.388
91.422 90.469 1.619 0.016 989.269
158.034 90.946 1.928 0.042 983.460
164.627 131.537 1.897 -0.097 1060.601
113.903 43.353 1.909 0.016 1004.646
119.352 65.429 1.810 0.027 1020.111
80.203 158.020 2.369 0.038 1035.109
144.239 123.182 1.730 -0.025 955.186
172.398 104.025 -0.934 0.201 1026.812
69.178 181.589 3.523 0.150 970.892
92.031 144.943 2.034 -0.026 918.634
125.659 166.072 2.481 -0.054 916.902
192.128 188.876 5.564 -0.252 1060.030
53.927 132.584 3.921 0.251 1042.596
137.690 162.662 2.204 -0.123 1067.920
84.451 118.303 1.681 -0.066 1017.088
173.231 11.083 6.098 0.227 1077.355
172.473 194.769 -7.731 -0.192 925.772
130.842 68.268 2.101 -0.107 1067.302
178.076 64.546 2.642 0.162 949.422
175.374 101.708 -2.113 -0.529 1054.274
63.236 109.345 4.343 -0.058 1028.932
52.956 40.079 3.508 -0.110 980.300
59.195 134.659 4.408 0.094 974.172
120.485 10.401 -6.619 0.747 1031.965
89.384 191.888 6.235 0.106 984.158
159.454 140.633 2.146 -0.043 1059.984
188.648 61.519 -3.133 -0.331 1000.927
86.345 147.398 2.021 -0.008 921.957
195.625 102.370 -4.561 0.063 1032.283
179.895 52.674 -1.112 -0.580 967.115
90.129 142.668 2.018 0.013 1071.930
101.952 21.320 3.014 -0.093 1078.796
130.128 183.651 4.080 0.006 1014.593
162.905 34.598 2.371 0.138 954.793
107.550 109.677 1.661 -0.064 984.319
114.634 117.048 1.631 0.057 936.367
64.136 177.148 3.473 0.142 996.788
52.662 106.610 2.050 0.015 1021.531
82.762 24.780 2.580 -0.100 1015.502
148.647 103.283 1.981 -0.154 981.116
95.080 129.982 1.960 0.014 1091.319
59.721 13.462 4.181 -0.342 1056.959
188.768 103.990 -3.779 -0.422 940.906
193.009 30.612 -3.905 0.412 980.734
185.975 182.731 -0.904 -0.266 1004.373
129.389 146.257 1.792 -0.030 913.142
81.590 33.668 2.628 -0.203 853.040
81.076 9.873 4.973 -0.142 1018.546
59.974 159.965 4.424 0.297 980.378
51.603 169.500 3.712 0.272 1021.601
123.069 165.409 2.341 0.014 1059.911
82.222 14.378 3.726 -0.128 1029.857
63.353 187.987 4.943 0.302 1036.704
182.572 152.083 0.675 0.140 912.563
56.862 134.895 4.244 -0.006 963.063
157.802 128.822 2.016 -0.099 910.776
159.206 166.541 2.478 -0.139 1004.748
167.928 169.109 2.438 -0.188 996.822
178.966 37.781 -1.039 0.432 953.496
143.124 109.424 1.774 -0.044 961.976
50.852 73.674 2.584 0.106 980.951
151.812 44.822 2.018 0.060 991.420
180.801 139.461 -1.044 0.351 972.619
178.550 58.754 -2.599 -0.033 888.927
175.436 10.103 6.486 0.198 1003.614
55.926 175.974 4.291 0.179 1056.301
173.724 186.039 -1.781 -0.256 1004.956
113.141 145.989 1.767 -0.019 977.250
121.968 73.887 1.864 0.038 969.367
174.615 139.628 -0.293 0.056 1047.466
52.135 100.439 1.947 -0.003 1026.528
63.332 52.601 1.949 -0.072 919.246
79.193 87.171 1.631 0.002 1033.492
141.167 161.481 2.263 -0.018 902.861
165.787 156.426 2.165 -0.194 933.759
167.504 144.507 1.972 -0.037 955.686
195.820 146.787 3.630 -0.072 1007.499
52.694 142.406 2.863 0.090 914.115
52.524 146.667 3.226 0.245 1069.661
79.493 196.280 7.586 0.471 932.688
54.706 155.292 3.902 0.212 1044.225
99.603 160.659 2.006 0.074 980.628
171.605 63.598 2.318 0.066 1002.262
155.693 78.809 1.862 0.052 932.900
87.950 30.821 2.403 -0.122 1066.626
139.663 72.529 1.691 0.091 945.984
71.065 113.805 1.784 -0.116 913.935
181.931 95.693 2.443 -0.036 999.908
109.574 197.694 -4.158 -0.173 966.072
50.931 67.328 3.252 -0.131 1063.219
161.441 79.334 1.941 -0.021 1024.332
115.256 131.797 1.551 -0.010 995.439
77.950 46.830 1.849 -0.090 991.448
50.230 150.262 2.953 0.084 948.235
85.150 159.979 2.272 0.163 964.337
165.298 140.427 2.173 0.023 959.777
78.327 7.905 5.956 -0.214 986.282
192.788 26.925 -4.075 0.311 979.566
56.552 152.158 2.450 0.086 1046.146
62.841 167.518 2.530 0.112 951.961
140.080 32.766 2.210 0.013 980.753
187.867 12.923 -4.969 0.427 1029.777
170.315 66.557 2.293 -0.036 1021.006
113.341 150.475 1.825 0.036 988.574
144.407 191.404 5.777 0.072 1074.459
159.807 193.243 -11.716 -0.383 905.592
132.512 42.964 1.895 0.033 993.153
63.209 16.411 3.643 -0.203 937.680
186.772 181.868 -3.367 -0.342 1007.207
184.782 171.662 -1.342 0.153 899.635
190.838 137.423 -3.590 0.461 994.193
83.456 66.564 5.444 0.145 1011.992
178.596 169.338 -1.971 -0.630 1046.083
183.350 188.281 -4.177 -0.314 1007.467
52.028 144.637 3.362 0.292 990.296
54.752 161.381 3.112 0.202 982.276
70.396 179.504 3.158 0.141 1064.293
56.219 76.980 2.557 -0.135 1032.425
83.910 42.299 2.233 -0.120 993.240
166.042 8.762 -6.283 0.536 945.683
174.622 94.654 -0.087 0.381 1047.936
179.497 74.783 -1.325 0.115 945.016
107.406 173.152 2.651 0.146 971.085
148.531 113.841 2.019 -0.090 1061.785
98.540 10.016 4.894 -0.139 1011.271
53.697 135.869 2.787 0.169 968.050
154.855 12.380 5.233 0.057 1043.914
74.174 165.949 2.248 0.055 1078.416
178.244 25.016 -2.006 0.484 1027.605
68.741 26.585 2.503 -0.108 1014.153
97.936 126.844 1.762 0.010 981.012
172.470 63.597 2.306 0.076 969.184
193.603 26.661 -4.157 0.317 976.167
67.652 169.786 2.452 0.078 967.012
51.247 169.002 3.644 0.254 1006.534
99.087 178.013 2.884 -0.009 891.838
92.461 105.117 1.527 0.015 980.064
155.226 191.923 7.945 -0.212 954.352
140.036 134.949 1.806 -0.048 889.998
178.336 36.423 -1.032 0.432 901.977
120.210 126.101 1.537 0.039 923.493
135.382 199.787 -19.388 0.162 999.990
146.603 76.883 1.690 0.065 996.541
108.330 40.908 2.223 0.064 972.961
75.746 9.822 -12.966 0.727 974.117
139.519 149.737 2.005 0.077 1057.197
114.776 19.708 3.117 -0.154 990.353
106.189 38.359 2.286 0.019 1014.694
71.553 110.383 1.769 -0.097 1001.043
124.072 58.525 2.198 -0.048 955.659
146.089 174.036 2.863 -0.137 1042.597
138.104 171.161 2.789 -0.160 956.521
84.729 173.126 5.779 0.480 990.770
97.327 11.313 4.453 -0.172 981.679
78.731 5.750 -7.506 0.460 1019.803
149.366 46.941 1.963 0.024 971.392
180.354 69.835 -2.494 0.161 1001.120
57.419 28.413 2.811 -0.126 969.606
150.012 182.434 3.589 0.039 1033.761
169.367 58.562 2.106 0.114 1050.825
67.331 65.617 2.442 -0.087 1025.765
162.116 96.043 1.863 -0.049 1001.368
138.864 4.019 9.742 -0.125 1096.014
183.265 19.734 1.076 1.209 987.293
139.306 130.303 1.848 0.013 954.004
161.366 133.898 2.298 0.064 1077.365
176.104 150.965 -1.992 -0.356 990.485
148.717 53.282 1.896 0.112 1073.039
95.458 94.745 1.677 -0.064 1016.722
79.139 108.758 1.893 -0.096 1045.372
189.977 182.281 1.718 -0.419 951.024
51.291 142.517 3.125 0.243 959.675
196.852 32.818 3.784 0.325 974.025
184.358 10.901 0.111 -0.101 962.939
163.415 159.384 2.395 -0.107 993.253
185.421 134.801 2.554 0.021 990.349
177.080 169.139 -1.535 -0.144 1013.706
102.803 194.736 8.103 0.193 1026.239
164.030 16.110 4.331 0.208 1044.403
69.648 138.929 1.888 0.054 951.225
110.264 78.976 1.707 -0.067 1054.094
53.935 129.422 2.520 -0.107 1010.563
81.086 149.842 2.102 -0.070 948.601
67.566 87.472 1.851 -0.007 903.868
68.892 63.377 2.346 -0.248 1007.457
177.493 152.263 -1.913 -0.438 1006.073
153.642 2.217 14.739 -0.084 907.894
124.017 194.357 -15.793 -0.377 980.267
96.202 116.039 1.705 0.024 925.739
174.761 142.669 -1.064 -0.125 1055.359
177.530 67.751 -0.427 0.091 970.530
69.414 84.146 2.032 0.045 1054.529
164.840 174.738 2.922 -0.045 1030.266
189.766 178.740 1.690 -1.087 984.278
192.520 27.096 3.668 0.147 1025.233
189.660 83.556 -3.555 -0.041 903.150
107.080 131.142 1.629 0.006 1042.535
183.722 144.780 -0.504 -0.111 1075.483
82.687 133.624 2.142 -0.007 1033.268
62.220 81.180 2.025 -0.084 963.900
134.127 113.370 1.554 -0.017 999.556
132.739 68.987 2.131 -0.131 873.960
198.019 182.549 4.816 -0.325 1090.334
133.921 183.089 3.824 -0.060 1069.645
119.557 3.359 -20.337 0.336 1026.488
88.907 10.810 4.641 -0.151 1018.949
80.541 152.583 2.308 -0.092 943.885
68.614 124.934 2.031 0.083 979.578
88.010 60.638 1.950 -0.094 1025.493
118.043 98.251 1.610 0.001 1013.019
70.470 57.135 1.963 -0.245 948.315
75.323 97.724 1.994 0.023 937.088
154.158 39.676 2.031 0.066 978.543
98.552 170.265 2.446 -0.045 1029.577
79.204 98.075 1.666 -0.014 1058.663
165.438 84.302 1.861 0.015 1092.400
92.215 52.202 1.717 -0.058 974.356
104.044 82.785 1.597 -0.081 1026.712
101.805 24.003 2.879 -0.049 1024.059
181.345 62.203 2.559 -0.017 1034.905
89.692 174.299 2.810 0.015 1010.147
158.856 10.734 5.844 0.063 1028.480
167.249 192.341 11.450 -0.285 949.226
145.249 170.570 2.573 -0.171 885.324
67.655 117.062 1.851 -0.019 952.242
147.667 96.903 1.953 0.038 929.759
176.861 80.665 -1.262 0.374 1031.122
90.879 78.256 1.794 -0.063 942.337
83.988 76.379 1.884 0.021 941.089
51.173 61.557 2.547 -0.029 1018.433
185.415 27.563 3.104 0.156 1017.090
61.020 80.762 2.031 -0.062 1006.240
187.503 83.983 2.773 0.136 921.216
162.834 183.722 3.815 -0.192 1002.941
90.671 82.451 1.887 0.076 1020.215
154.442 4.490 9.916 -0.074 983.188
77.929 184.724 3.592 0.118 952.536
193.228 35.056 -3.719 0.275 989.488
156.957 136.273 2.238 0.058 1035.179
97.039 70.522 1.613 -0.047 1021.430
153.372 132.742 2.048 -0.023 1016.782
128.207 84.490 1.673 -0.055 999.563
174.791 47.962 -1.640 0.827 1028.816
183.258 65.410 -2.295 0.183 995.524
70.120 80.733 2.017 0.011 1049.208
111.273 94.967 1.811 0.119 1073.290
152.702 102.198 1.866 -0.072 1029.308
155.431 57.187 1.874 0.109 1002.886
184.026 103.355 -3.249 -0.438 1034.627
148.007 25.378 2.847 0.007 1013.713
150.870 149.606 1.832 -0.089 1090.306
116.547 120.810 1.717 0.059 1048.516
180.055 65.004 2.672 0.113 1009.299
50.875 130.915 3.200 0.049 862.972
166.555 82.831 1.881 0.018 1093.295
155.818 47.931 1.914 0.106 959.102
80.546 8.211 5.715 -0.158 932.778
166.572 100.547 1.886 -0.071 990.218
155.285 170.801 2.527 -0.150 1043.717
173.870 195.777 -2.150 -0.391 1083.791
131.984 69.765 2.179 -0.215 1035.448
68.831 74.995 1.999 -0.056 983.800
83.824 91.295 1.585 -0.030 991.995
54.029 33.986 3.587 -0.237 984.664
192.730 20.784 4.011 0.309 992.067
133.623 154.462 1.917 0.014 927.084
52.676 156.138 2.928 0.096 875.352
91.675 128.068 1.895 0.075 1010.662
98.164 143.010 1.816 0.013 1043.855
73.256 93.721 1.695 -0.008 871.716
59.488 80.174 4.238 0.258 1105.645
190.123 45.802 -3.559 0.027 1055.421
169.019 75.617 2.021 0.056 996.037
47.331 99.763 2.177 -0.059 976.857
91.078 153.531 2.116 0.057 948.907
107.110 129.536 1.604 -0.013 952.827
120.400 71.740 1.928 0.035 1009.161
59.227 124.384 2.005 -0.007 975.412
178.140 121.266 -1.669 0.340 922.670
175.398 28.012 2.699 0.139 1015.958
96.951 141.931 1.790 -0.003 1070.837
179.714 191.412 6.992 -0.151 1041.077
121.252 158.367 1.878 -0.033 1048.366
58.047 54.986 4.083 -0.089 1056.701
112.498 95.377 1.707 -0.031 973.105
82.474 74.772 1.866 0.012 932.176
143.413 191.756 7.370 -0.125 1107.043
129.021 137.080 1.657 -0.035 1048.518
114.486 21.658 2.910 -0.092 1004.855
113.379 190.074 5.477 0.030 889.325
118.281 8.599 5.855 -0.091 1096.071
91.929 37.921 2.091 -0.027 971.619
179.644 169.217 -1.978 -0.083 1142.858
87.404 4.329 8.031 -0.425 975.817
76.035 150.659 5.209 0.073 1056.798
108.986 146.831 1.925 0.122 924.938
139.250 73.297 1.695 0.095 1103.940
134.638 154.631 1.933 0.008 1023.235
130.300 170.439 2.636 -0.135 1051.371
116.042 58.952 2.024 0.067 972.850
140.790 114.077 1.798 -0.077 932.124
80.550 156.771 2.377 0.050 995.440
61.369 134.814 2.122 -0.019 1067.410
93.197 9.291 -6.983 0.627 941.896
80.639 133.523 2.151 0.008 1009.847
73.715 148.867 2.068 0.053 1004.746
66.949 68.917 2.154 0.043 1007.658
83.995 40.433 2.377 0.093 952.881
152.773 14.427 -2.531 0.938 1026.089
64.361 181.135 3.582 0.102 977.237
161.101 171.091 2.621 -0.042 977.237
56.312 152.433 2.452 0.098 965.279
175.793 12.506 5.508 0.266 944.443
158.917 182.462 3.998 -0.107 1000.867
166.134 175.893 2.876 -0.075 962.886
180.993 180.996 3.620 -0.183 987.887
189.279 192.076 7.765 -0.161 1019.011
174.475 70.454 -0.882 0.006 1032.132
65.613 75.801 2.063 0.012 1000.289
73.124 95.566 1.811 0.055 906.241
181.499 37.682 2.705 0.240 1034.919
90.940 13.772 3.749 -0.215 944.240
58.382 60.889 2.348 -0.130 958.370
60.668 84.144 2.083 -0.089 951.271
97.904 119.584 1.894 0.090 987.325
103.251 115.866 1.781 0.024 1012.776
199.251 142.536 3.599 -0.283 1101.968
56.536 133.390 4.175 0.126 961.418
143.109 138.026 1.789 -0.145 965.669
182.055 91.268 -2.821 -0.567 990.241
195.873 78.215 -4.101 0.231 983.409
112.245 54.535 1.835 0.037 978.916
49.867 44.495 3.174 -0.030 912.880
52.587 132.305 2.880 0.125 1092.420
89.986 83.152 1.765 0.053 1018.151
64.085 151.105 2.232 0.146 988.553
184.468 133.883 -2.557 0.205 1031.122
150.753 110.813 1.944 0.032 927.442
87.059 109.092 1.600 0.027 987.832
106.547 44.935 1.917 -0.033 1004.211
58.604 53.984 4.107 -0.120 883.244
64.836 186.953 5.074 0.261 996.416
176.990 156.903 -1.823 -0.740 987.492
194.212 152.201 -3.464 0.018 1007.617
98.770 84.863 1.742 0.061 1055.020
119.206 171.839 2.660 0.039 981.741
143.514 11.328 5.169 0.032 1006.995
80.361 153.481 2.403 0.015 925.075
64.867 99.154 1.936 -0.142 1042.133
175.380 149.667 -0.377 -0.204 1061.717
72.337 42.114 2.004 -0.090 924.568
99.341 128.571 1.841 0.071 1073.965
78.355 46.077 1.888 -0.095 1087.283
174.213 58.369 -0.882 0.460 983.143
110.883 195.841 -5.383 -0.261 970.685
89.312 192.919 -10.385 -0.368 945.005
66.860 95.627 1.989 -0.048 946.112
70.494 150.837 2.151 0.075 1026.128
155.843 193.858 -3.868 -0.266 983.752
63.220 26.976 2.648 -0.157 1147.781
162.682 24.320 2.974 0.187 1040.110
88.535 197.706 -3.997 -0.245 996.800
159.266 82.389 1.927 -0.043 963.116
58.798 176.637 3.440 0.123 959.076
182.499 46.686 -2.551 0.190 1058.775
55.581 53.353 2.171 -0.061 1017.426
194.359 22.994 -4.344 0.441 1005.180
51.771 156.680 3.579 0.233 921.631
90.863 176.884 2.994 0.053 991.665
84.105 6.576 -8.770 0.504 931.344
79.651 35.116 2.549 -0.198 949.628
54.415 68.253 2.520 0.101 975.442
77.054 109.423 1.860 -0.113 1034.692
104.293 149.851 1.867 -0.004 1094.953
109.164 137.100 1.616 0.024 1018.721
85.970 40.852 5.630 -0.040 997.674
180.131 95.476 0.407 0.556 987.101
178.469 64.959 -0.498 0.070 948.394
107.900 102.208 1.561 -0.061 1019.459
187.470 179.169 3.487 -0.170 1115.852
181.655 176.772 -2.666 -0.081 1010.986
51.869 66.370 3.360 0.055 1019.515
164.084 107.686 1.760 -0.012 1044.583
145.740 114.343 1.994 -0.052 1099.793
188.886 12.618 -5.018 0.399 1007.124
122.192 59.871 2.053 -0.086 989.975
164.113 161.427 2.407 -0.094 1039.952
133.389 92.168 1.521 0.037 942.463
136.050 36.035 2.175 -0.001 935.430
177.213 8.353 -5.283 0.246 936.050
161.395 23.609 3.256 0.166 1037.747
184.767 81.426 2.614 0.092 917.861
177.226 195.860 -10.359 -0.065 1016.964
166.019 29.062 2.584 0.182 987.397
60.397 58.553 2.214 -0.050 1031.049
179.338 125.158 2.251 -0.091 999.601
128.454 172.464 2.682 -0.098 990.497
53.492 147.438 2.956 0.059 977.455
159.714 25.649 3.025 0.137 936.552
87.739 162.333 2.421 0.175 1074.527
50.954 127.068 3.479 0.174 1067.212
180.915 117.034 -1.513 0.153 1016.588
186.316 154.525 2.733 -0.205 999.460
192.243 4.542 -11.352 0.310 1079.763
159.662 195.128 10.329 -0.067 995.338
53.664 142.811 2.824 0.058 1049.428
94.397 26.137 2.442 -0.204 1028.731
179.214 161.320 2.484 -0.154 955.999
143.130 25.788 2.789 0.087 1000.621
93.937 196.735 8.712 0.377 1007.847
61.243 65.902 4.370 -0.207 1023.369
59.538 90.583 1.890 0.028 928.127
63.448 113.723 2.113 0.042 946.059
103.829 39.164 2.196 -0.106 960.343
160.841 100.060 1.919 -0.028 855.088
121.840 81.778 1.792 0.074 923.292
186.922 143.894 2.750 -0.014 1075.967
106.467 198.959 -9.815 -0.068 1079.170
95.766 135.490 1.926 0.060 930.659
75.363 103.386 1.742 0.091 1040.380
106.952 199.427 -12.019 0.195 1020.653
98.386 198.613 11.008 0.494 991.437
140.682 60.226 1.887 0.050 969.247
161.178 142.915 2.115 -0.061 1035.836
165.589 17.985 -0.804 1.131 1020.036
155.164 99.658 1.921 -0.044 970.341
113.257 95.532 1.749 -0.025 1050.810
52.812 31.819 2.936 -0.212 979.510
145.660 170.633 2.535 -0.148 977.681
56.383 36.720 2.448 -0.105 942.326
172.608 89.614 -1.852 -0.322 1032.292
185.221 147.630 -3.088 0.095 996.791
198.735 128.855 3.785 0.010 944.557
47.319 73.039 3.026 -0.031 1027.612
179.316 7.252 -12.148 0.475 927.294
50.106 129.268 2.904 0.069 1011.892
71.175 9.526 5.095 -0.235 1022.292
97.197 58.826 1.691 -0.033 1028.564
151.199 97.161 2.039 0.032 880.838
154.259 182.814 3.860 -0.000 1015.920
176.136 46.940 2.225 0.126 1108.577
68.971 170.673 2.456 0.067 1077.865
169.407 30.375 2.543 0.142 1002.280
182.083 101.344 2.365 -0.024 979.503
164.775 188.309 11.978 -0.619 1073.466
82.963 31.086 2.492 -0.185 991.979
151.309 113.272 1.960 0.025 966.451
141.194 172.251 2.723 -0.076 1031.681
93.467 8.876 -7.276 0.635 982.741
88.702 36.421 2.310 -0.121 959.272
50.510 82.132 3.563 0.091 1008.160
116.575 170.378 2.559 0.070 963.315
61.545 113.515 2.137 0.027 1053.645
154.392 132.661 2.105 -0.053 1022.466
186.444 191.122 15.968 -0.687 1002.210
93.695 180.825 3.157 0.168 928.299
91.472 103.606 1.519 0.012 979.004
170.974 7.766 7.113 0.022 968.175
174.561 85.540 -0.553 -0.502 1002.640
118.785 53.437 1.834 0.008 951.832
56.009 114.630 2.092 0.015 1006.459
148.210 193.948 7.582 0.029 949.322
81.356 125.109 1.963 -0.150 1003.947
86.149 40.485 2.351 -0.095 890.589
57.307 124.642 4.038 0.090 1090.802
183.609 166.905 2.796 -0.251 989.674
66.819 96.852 2.036 -0.156 1020.068
153.076 156.430 2.066 -0.053 969.937
196.538 26.353 4.054 0.264 1043.269
95.446 116.809 1.702 0.074 1075.512
99.123 93.563 1.763 -0.018 976.545
103.327 132.518 1.801 0.057 990.748
116.400 76.937 1.712 -0.068 1039.750
193.814 90.767 -4.358 0.030 1021.083
136.754 129.895 1.853 -0.006 995.192
73.254 27.095 5.120 -0.329 1073.579
127.303 173.477 2.650 -0.056 940.059
153.509 69.466 1.979 -0.010 982.170
92.279 168.324 2.270 0.037 949.231
195.015 145.632 3.517 -0.050 1025.833
51.762 68.480 3.152 0.073 1014.517
127.335 58.007 1.802 -0.005 1036.097
68.669 158.158 2.182 0.093 1102.327
99.658 182.891 3.472 0.027 1042.578
48.192 47.905 2.699 -0.009 1013.713
180.083 175.450 2.948 -0.209 1059.702
170.806 138.830 -1.559 -0.193 964.418
79.263 119.979 1.766 0.076 1054.802
92.525 145.097 1.961 -0.066 1006.700
149.550 180.986 3.403 -0.035 998.367
181.915 66.281 -0.238 0.794 1096.679
188.193 167.599 -2.207 -0.999 1012.823
51.522 141.569 3.492 0.187 1032.932
192.595 8.376 16.569 0.780 995.118
92.933 43.210 1.906 -0.003 987.079
63.074 174.976 3.314 0.281 956.311
173.810 116.317 1.909 -0.034 1074.979
71.065 195.256 -14.785 -0.374 970.727
185.858 135.282 2.632 -0.006 998.577
185.283 76.490 2.621 0.091 1019.319
85.241 11.741 4.526 -0.111 938.319
157.000 160.192 2.389 -0.014 998.297
192.576 69.905 -3.879 0.145 988.984
136.414 65.731 1.935 -0.072 988.784
159.422 33.927 2.332 0.142 1076.650
125.627 85.515 1.882 -0.065 1054.531
101.860 111.595 1.796 -0.077 935.155
100.225 182.600 3.583 0.009 904.909
110.687 40.626 2.229 0.015 925.216
173.063 184.870 3.961 -0.200 942.698
50.869 67.813 2.847 0.011 936.981
44.775 99.563 2.700 0.052 1002.190
131.088 68.090 2.024 -0.161 1019.404
182.797 121.118 -2.177 -0.258 997.627
131.696 125.836 1.641 -0.051 1030.745
61.430 25.306 4.421 -0.399 1073.882
169.052 2.296 -12.722 0.139 966.365
90.877 149.321 2.148 0.050 1053.339
69.420 20.569 2.953 -0.105 1019.878
195.667 65.158 3.423 0.104 1043.271
53.476 175.657 3.960 0.189 1102.963
136.606 8.014 6.181 -0.090 1030.524
177.539 75.489 2.250 0.045 985.295
55.359 141.218 2.532 0.018 955.188
141.412 151.096 1.976 0.051 942.017
167.809 71.329 2.121 0.075 1044.233
131.325 132.109 1.779 -0.021 1005.667
127.190 102.102 1.453 0.029 1000.895
83.915 122.857 1.808 -0.046 1036.748
55.549 69.460 2.227 0.019 998.920
175.870 95.131 -0.260 0.509 971.400
136.928 58.239 1.791 0.077 969.683
123.660 4.942 7.823 -0.200 967.659
60.562 83.364 4.357 0.198 1141.206
162.202 136.213 2.288 0.101 1008.578
50.819 60.266 2.581 -0.046 981.390
198.000 178.375 -3.823 -1.536 997.880
53.412 88.999 2.146 -0.145 1000.642
177.124 17.958 -1.861 0.311 1065.834
179.391 166.876 -1.826 -0.202 1014.724
48.275 92.511 2.134 -0.043 1078.800
191.085 111.620 -2.939 -0.388 972.201
93.130 90.897 1.658 0.013 953.776
46.981 83.734 3.201 -0.007 987.554
186.844 81.627 -3.231 0.403 1023.347
147.474 191.656 -8.458 -0.499 956.624
186.943 43.623 -3.503 0.521 956.896
147.615 14.058 4.518 0.066 1053.718
48.030 122.561 2.798 0.057 959.925
144.010 101.069 1.792 -0.069 888.427
67.569 82.260 2.148 0.014 986.366
127.925 150.227 1.869 -0.029 1012.417
195.771 187.308 -5.457 -0.095 970.996
126.068 22.184 2.935 0.064 979.234
103.261 76.688 1.609 -0.017 1020.937
174.927 188.099 -3.062 -0.485 965.679
132.020 47.798 1.810 0.049 1001.408
144.622 27.642 2.672 0.009 1062.210
123.107 69.644 1.979 0.059 997.371
151.182 22.341 3.009 0.103 1016.673
187.028 3.056 20.990 0.296 884.606
81.481 136.803 2.001 -0.034 1003.639
123.122 86.450 2.053 -0.192 996.919
179.243 147.049 0.103 -0.020 919.134
124.808 190.269 5.295 0.054 983.001
160.989 55.726 1.909 0.112 1090.360
51.671 133.649 3.516 0.048 972.570
57.677 177.991 3.576 0.107 991.479
174.595 14.511 -0.027 0.720 1005.968
194.811 184.956 4.698 -0.315 1105.651
170.929 191.965 -3.846 -0.385 1042.174
178.384 9.960 -4.615 1.197 991.116
67.501 147.556 2.096 0.103 1046.999
102.131 167.471 2.502 -0.077 928.979
166.136 13.816 4.962 0.204 1019.806
124.596 19.105 3.311 0.012 990.781
175.619 103.126 -1.231 0.398 922.906
71.049 64.885 4.999 -0.120 1015.546
133.933 185.903 4.301 0.017 1030.936
51.036 169.275 3.572 0.254 1062.952
172.802 16.436 -0.172 0.924 971.444
198.784 21.148 4.756 0.321 999.104
161.883 69.210 1.950 0.020 965.897
184.899 155.900 -3.097 -0.338 978.719
139.074 120.333 1.662 -0.082 992.334
132.923 36.395 2.146 0.046 992.488
176.372 155.030 -1.834 -0.304 1033.422
185.863 181.767 0.242 0.242 1027.594
196.178 12.037 -5.979 0.363 1021.510
172.232 199.797 19.545 0.205 1020.484
105.827 59.482 1.797 -0.011 1004.898
66.078 178.368 3.257 0.204 1023.897
183.975 26.752 0.664 0.531 1004.866
143.485 5.413 -2.863 0.329 938.950
189.675 71.521 -3.396 -0.239 932.786
196.112 26.383 4.034 0.287 1015.769
45.090 102.012 2.607 0.035 1068.397
81.541 37.876 2.529 0.039 1079.427
67.552 38.425 2.094 -0.085 975.087
54.416 119.005 3.815 0.040 1033.477
59.212 176.010 4.611 0.136 990.017
107.889 40.376 2.089 0.015 979.491
64.448 21.616 2.981 -0.160 1032.021
61.177 24.179 4.412 -0.304 1007.714
163.827 188.688 -0.980 -0.765 943.050
55.492 171.464 3.289 0.143 963.576
78.642 154.289 2.482 0.072 993.995
100.829 86.422 1.741 0.010 980.124
142.222 104.568 1.782 -0.026 1041.051
155.609 182.354 3.855 -0.074 904.447
55.458 163.820 3.001 0.215 978.278
60.305 37.892 2.347 -0.062 1039.888
152.336 2.402 18.318 0.489 994.529
160.464 104.113 1.825 0.017 994.229
128.530 185.073 4.165 -0.008 1082.110
175.208 87.967 -1.202 -0.619 1011.154
186.353 156.904 -3.123 -0.224 1019.395
147.834 161.307 2.441 -0.134 1052.982
187.015 137.836 -3.155 0.433 968.922
181.793 90.708 -1.996 -0.114 1090.739
60.520 134.795 4.514 0.017 960.081
80.715 106.360 1.738 -0.043 1023.081
113.563 57.658 2.026 0.006 910.098
186.567 6.458 -12.493 0.425 1049.257
151.368 55.548 1.925 0.184 1018.268
173.812 96.674 2.091 -0.031 1018.228
79.146 159.265 2.431 -0.026 1015.047
165.622 38.926 2.157 0.126 1045.760
143.303 59.593 1.845 0.006 1009.877
145.133 88.579 1.684 0.007 900.556
155.626 72.852 1.901 0.085 1028.740
64.862 176.733 3.214 0.159 955.999
117.701 184.272 3.514 0.119 921.777
109.785 118.136 1.769 -0.103 984.454
190.494 35.106 3.106 0.235 956.018
53.030 121.761 3.649 0.088 1097.548
140.012 3.967 9.460 -0.162 1023.187
128.926 72.418 1.931 -0.111 1039.634
132.023 12.453 4.530 -0.038 1137.360
94.101 111.989 1.704 0.134 1060.634
155.176 65.049 1.915 -0.009 978.803
58.654 149.358 2.466 0.066 920.150
161.688 185.259 4.190 -0.103 939.177
53.906 123.040 2.198 -0.058 1053.489
90.194 33.474 2.365 -0.145 995.839
57.331 15.622 4.050 -0.358 1002.213
151.336 87.738 1.756 -0.002 963.946
113.435 21.033 3.081 -0.199 908.698
55.271 163.959 3.610 0.113 1007.043
122.232 61.812 1.909 0.018 1027.595
61.352 139.877 2.116 0.034 1021.548
175.750 44.814 -1.441 0.020 1021.409
63.316 140.670 4.547 0.065 984.350
89.542 58.813 1.979 -0.100 1072.476
102.534 166.346 2.328 0.044 941.517
67.746 59.542 1.966 -0.152 1003.091
56.101 146.212 2.962 0.181 1033.978
193.707 150.684 -4.496 -0.115 940.505
124.917 194.632 8.815 0.050 1022.735
87.378 81.425 1.852 0.037 953.300
179.012 17.061 -2.478 0.242 1077.263
79.375 127.129 1.923 -0.127 1029.283
156.340 7.328 -8.532 0.551 964.497
169.511 14.067 4.628 0.144 1028.255
50.008 117.396 2.406 0.029 1032.901
112.838 196.183 -12.430 -0.194 981.518
159.043 130.210 2.298 -0.171 966.773
175.875 5.448 11.065 0.122 1094.057
116.445 38.285 2.025 -0.068 933.726
71.189 124.337 1.999 -0.027 935.804
139.953 192.440 9.791 -0.171 1042.429
154.115 135.257 2.207 0.068 914.854
103.211 183.993 4.059 -0.043 1021.356
166.002 173.340 2.784 -0.181 1075.294
109.224 67.697 1.622 -0.025 952.721
152.535 118.447 1.680 0.017 954.793
190.508 59.559 1.462 -0.251 960.401
59.802 31.176 2.643 -0.146 1017.493
62.398 159.679 2.321 0.047 974.699
55.799 107.307 1.987 0.015 945.929
173.946 59.188 -0.872 0.387 998.479
51.551 142.831 3.510 0.130 1057.457
177.875 102.214 -2.810 -0.256 1016.319
135.897 147.091 1.875 -0.016 997.054
186.050 20.622 -3.371 0.396 999.882
109.574 169.718 2.565 0.156 1057.082
123.506 92.823 1.959 0.015 945.216
163.174 68.315 2.002 0.016 985.824
182.212 94.512 2.452 -0.041 994.164
150.120 81.303 1.761 0.050 1067.282
143.937 133.238 1.793 -0.077 1010.701
87.686 71.544 1.622 -0.038 976.102
175.813 37.734 2.438 0.114 1045.732
70.217 163.410 2.262 0.096 1004.785
125.087 9.170 5.481 -0.128 998.050
57.174 54.762 4.014 -0.093 998.724
92.720 155.469 2.071 0.025 974.321
188.870 150.980 -2.842 -0.070 998.363
181.149 94.260 -2.146 -0.308 996.140
68.034 78.688 2.120 0.012 1013.070
123.334 6.098 -15.847 0.712 1029.821
138.819 196.133 0.230 -0.332 965.071
54.606 162.188 3.465 0.234 940.051
67.309 134.231 2.011 0.041 995.150
114.743 194.423 7.209 0.241 1059.018
184.043 130.963 -2.436 0.056 1010.766
54.194 79.218 2.455 0.072 1113.102
195.680 152.716 -4.455 -0.418 1010.761
99.864 3.140 -7.803 0.214 930.124
195.422 170.010 3.582 -0.265 1019.139
165.127 63.268 2.116 0.076 1113.393
93.365 59.175 1.763 -0.046 1018.655
166.447 13.138 -1.484 0.713 995.594
111.047 105.534 1.569 -0.054 984.009
195.120 36.453 -3.946 0.260 946.875
63.977 66.434 2.321 -0.093 1094.738
173.570 156.274 -1.290 -0.561 1000.717
125.699 86.282 2.059 -0.117 938.018
152.237 22.274 3.001 0.094 1067.747
133.115 66.103 1.981 -0.077 1023.944
64.118 21.966 4.769 -0.336 947.646
132.136 12.920 4.416 -0.027 947.360
144.693 76.463 1.670 0.079 989.503
68.713 16.128 3.521 -0.180 972.409
186.555 166.174 -2.950 -0.220 947.684
155.081 66.105 2.007 -0.072 904.154
135.302 5.109 -16.432 0.482 1003.319
135.646 72.353 1.901 0.108 986.180
56.487 181.927 3.744 0.213 973.647
91.225 189.818 5.147 0.059 993.067
182.767 72.821 2.575 0.166 1017.868
98.150 149.008 1.861 0.020 980.977
60.671 174.337 3.248 0.343 987.139
53.018 160.892 3.360 0.314 952.987
99.417 5.521 7.967 -0.147 951.394
170.980 185.615 -2.131 -0.684 1063.681
194.944 104.243 2.137 -0.744 986.735
68.651 60.545 1.962 -0.186 1022.001
193.215 34.965 -3.730 0.367 957.953
158.415 124.571 1.761 -0.070 996.657
185.951 125.793 2.492 0.003 984.673
157.284 182.978 4.185 -0.236 1056.410
193.658 90.538 -4.536 0.047 985.478
195.953 182.879 4.674 -0.296 1031.620
197.330 145.711 3.940 -0.072 1045.215
158.350 10.411 6.225 0.135 1017.116
52.494 33.896 3.332 -0.208 1004.518
182.879 181.795 0.891 -0.628 959.783
195.278 180.148 -3.160 -0.750 979.599
178.654 183.888 0.352 -0.479 898.764
144.763 119.435 1.800 -0.048 978.073
118.948 167.751 2.427 -0.076 1021.460
88.365 146.295 2.099 -0.034 984.194
173.830 91.769 -2.148 0.056 960.966
134.032 183.179 3.763 -0.012 1054.981
54.677 114.567 2.093 -0.027 903.921
166.857 146.132 1.958 -0.044 1052.617
104.166 71.704 1.606 -0.044 986.216
182.156 132.528 -2.028 0.159 951.475
73.905 190.007 6.004 0.302 935.337
191.170 121.334 2.763 -0.044 996.510
167.798 190.713 15.371 -0.902 1038.720
65.516 153.944 2.239 0.161 940.432
105.252 191.801 5.764 0.171 959.071
148.821 19.780 3.403 0.196 1010.627
53.230 152.763 2.795 0.103 1026.869
144.826 109.309 1.830 -0.055 921.124
117.492 122.051 1.668 0.033 1060.948
186.756 32.542 -0.128 0.034 985.156
195.243 23.443 4.169 0.297 1027.809
129.784 129.835 1.750 0.021 1022.569
181.984 149.399 -2.838 0.092 938.133
49.515 55.837 2.725 -0.042 999.449
133.335 65.747 2.033 -0.188 1005.863
139.243 140.729 1.750 -0.137 975.671
48.351 88.109 2.202 -0.003 1079.135
199.006 54.418 3.710 -0.205 964.339
195.597 58.939 3.575 0.064 1000.936
172.120 190.399 -0.488 -0.432 979.284
79.155 82.567 1.652 -0.006 1045.116
191.342 162.353 1.663 -0.813 976.168
131.461 180.623 3.516 0.015 1064.787
117.923 188.386 4.609 0.044 944.505
179.830 81.443 -0.182 -0.516 963.451
95.168 126.791 6.026 0.139 980.566
119.442 66.578 1.819 0.055 1119.176
52.580 172.041 3.574 0.335 1007.330
170.396 155.109 2.140 -0.148 957.701
100.517 190.082 6.207 -0.084 1038.890
76.738 139.364 1.829 -0.036 1015.756
69.624 128.021 1.920 0.020 994.775
83.356 31.450 2.468 -0.215 992.534
104.668 144.843 2.038 0.131 1065.923
63.848 117.335 1.944 0.032 1037.553
179.467 122.419 2.238 -0.082 1036.971
108.682 175.726 2.705 0.159 972.246
187.240 96.066 -2.836 -0.143 967.069
138.869 157.878 2.065 0.034 1015.967
118.727 92.410 1.829 -0.085 959.397
152.587 96.978 1.937 -0.010 1136.479
132.339 150.995 2.010 0.021 929.109
186.519 72.806 2.760 0.077 998.508
53.158 80.081 2.285 0.083 985.296
159.760 160.246 2.463 -0.048 982.420
176.208 174.468 -0.801 -0.607 922.124
180.320 34.894 2.719 0.219 1095.948
82.818 20.511 2.860 -0.114 1025.732
90.166 63.611 1.712 -0.017 963.795
101.855 93.654 1.655 0.027 1039.155
184.465 43.972 2.602 0.231 915.904
191.003 89.277 3.118 0.024 1019.230
128.811 27.975 2.383 0.055 1086.325
119.086 190.020 5.595 -0.032 958.452
188.518 141.653 -3.482 -0.275 958.860
68.933 71.121 1.966 0.062 952.309
185.178 60.651 0.649 0.207 986.925
193.949 21.650 -3.073 1.384 1058.285
101.484 26.715 2.517 -0.072 988.632
89.235 159.592 2.154 0.011 1083.896
178.978 94.192 0.082 0.570 1064.664
68.193 65.666 4.823 -0.111 1053.993
163.913 139.496 2.242 0.006 957.907
185.623 174.754 -0.587 -1.261 964.098
107.803 17.060 3.348 -0.172 987.783
53.150 163.328 3.799 0.311 1033.252
57.717 136.785 4.270 0.013 934.754
182.197 23.084 -2.555 0.447 942.916
177.584 24.550 -1.350 0.518 929.106
160.433 19.194 3.548 0.142 975.408
192.401 194.482 9.656 -0.069 1055.417
194.279 96.897 3.320 -0.007 994.600
76.051 27.109 2.451 -0.081 967.455
132.106 185.968 4.262 0.059 1113.271
148.211 105.146 2.025 -0.159 960.906
97.632 88.651 1.758 -0.082 965.051
167.596 0.315 18.446 -0.504 964.874
190.304 58.274 3.082 0.025 1018.828
131.298 56.620 1.780 0.010 972.873
181.975 107.358 -1.932 -0.505 943.211
180.354 190.805 15.581 -0.734 1025.762
160.025 163.429 2.438 -0.155 958.578
184.357 122.753 -0.765 -0.136 927.176
145.899 164.235 2.543 -0.089 1041.125
50.924 53.528 2.488 -0.098 1031.034
58.445 168.783 2.943 0.127 986.762
76.358 184.656 3.585 0.139 1010.188
58.932 58.398 2.380 -0.122 1021.798
187.221 126.633 -2.804 -0.031 956.082
50.469 40.154 2.818 -0.111 970.865
190.984 113.955 2.713 -0.127 955.680
181.736 88.213 -2.426 0.439 1035.279
90.579 7.656 5.739 -0.218 1051.592
92.354 130.056 1.991 -0.032 1030.414
58.462 160.913 2.475 0.097 1024.515
96.502 45.663 1.818 -0.048 979.371
43.680 90.148 2.751 -0.032 1090.175
195.771 108.600 3.290 -0.254 1038.897
107.126 162.430 2.050 0.030 920.842
95.051 115.183 1.663 0.077 958.483
82.706 102.057 1.634 -0.025 974.866
53.923 136.432 2.653 0.104 1084.949
197.088 163.088 3.779 -0.325 1020.862
62.264 136.736 4.592 0.083 1029.403
93.914 72.337 1.648 -0.078 948.009
184.989 55.602 -3.437 0.295 980.910
117.172 11.973 4.451 -0.160 1011.107
194.246 138.979 2.291 -0.110 918.951
190.847 176.160 -2.651 -1.121 1030.232
64.750 133.549 2.098 0.003 999.658
54.114 165.211 3.739 0.266 1042.168
193.544 10.943 5.653 0.236 1059.342
107.770 119.744 1.819 -0.092 962.390
64.456 93.781 1.897 0.089 1037.826
185.407 162.732 2.741 -0.225 1015.336
109.721 150.270 1.914 0.068 900.329
180.300 144.520 0.303 -0.057 1004.317
181.037 183.544 3.992 -0.297 1002.172
149.289 163.565 2.689 -0.134 968.248
186.905 122.263 -1.593 0.049 1030.061
49.476 116.554 3.260 0.009 1003.323
177.746 177.931 -2.069 -0.064 989.937
63.377 144.909 2.092 0.112 1073.746
77.482 137.881 1.883 -0.070 1007.587
72.975 99.967 1.869 -0.030 1013.785
100.003 191.554 5.529 0.175 951.760
76.596 12.460 4.193 -0.163 1018.042
129.292 190.292 5.151 0.076 1039.338
156.740 137.111 2.125 0.062 959.125
123.234 135.122 1.593 -0.001 973.970
107.055 145.518 2.080 0.142 1020.536
57.791 35.273 2.503 -0.106 1019.750
186.643 35.569 -2.850 0.224 889.010
84.874 160.292 2.278 0.175 962.697
117.411 91.503 1.948 -0.170 957.466
48.376 116.384 2.599 0.019 974.930
77.770 58.478 1.688 -0.057 1011.553
181.055 169.461 -2.779 -0.246 1005.681
123.030 84.743 1.959 0.075 1033.593
81.219 122.760 1.945 0.019 917.259
176.866 18.652 -0.174 0.796 987.242
109.736 114.204 1.665 -0.033 984.984
120.511 91.668 1.889 -0.050 990.604
190.466 142.839 -3.784 -0.368 1010.584
104.093 120.287 1.769 0.019 971.676
54.720 86.610 2.165 -0.151 1021.524
53.726 144.194 2.954 0.145 999.470
117.673 177.311 2.803 0.057 1075.461
66.945 67.385 2.210 0.004 1085.249
187.218 142.467 1.262 -0.129 960.613
51.323 60.938 2.784 -0.043 998.499
82.455 32.772 2.663 -0.258 978.682
143.244 18.803 3.437 0.136 997.754
157.574 87.825 1.962 0.010 1031.659
100.706 182.491 3.470 0.009 977.329
57.596 43.412 2.159 -0.090 957.435
47.203 111.561 2.370 -0.017 993.303
55.009 70.207 2.241 0.009 945.253
179.336 43.074 -0.852 0.679 1064.731
185.276 162.373 2.730 -0.219 1009.322
184.223 27.673 0.649 0.092 968.316
125.224 92.671 1.694 0.026 1016.818
102.234 131.721 1.970 0.163 946.307
50.635 76.511 2.541 0.134 1053.330
126.054 46.043 1.796 0.030 901.722
120.124 36.464 2.022 -0.036 1004.057
58.367 21.639 4.178 -0.258 961.592
134.021 80.049 1.591 0.011 931.348
171.534 12.106 -3.172 0.418 1001.865
92.388 173.872 2.661 -0.031 906.755
