48.910 59.381 3.117 -0.036 1010.399
101.202 166.608 2.389 0.027 1018.962
54.086 80.840 2.457 0.101 1080.851
137.477 173.737 2.817 -0.078 954.582
192.150 165.820 -3.594 -0.226 929.307
172.229 87.052 -1.561 -0.601 919.177
189.878 135.419 2.907 0.011 1014.868
92.724 83.643 1.813 0.062 971.944
190.060 92.592 3.008 -0.030 961.705
68.333 8.640 5.546 -0.340 980.672
172.670 84.469 -0.704 -0.582 908.316
155.547 176.357 2.843 -0.213 999.214
54.550 81.800 2.100 -0.025 1021.310
53.567 168.077 3.371 0.261 1011.976
53.696 127.346 2.372 -0.101 1026.584
62.810 162.383 4.538 0.334 1002.721
191.017 131.024 2.787 0.016 966.765
182.414 120.445 0.036 0.214 983.879
134.897 15.512 3.974 0.016 1058.632
56.989 117.786 2.096 0.038 1000.501
149.961 163.389 2.233 -0.095 976.144
54.464 27.837 3.642 -0.199 1093.068
189.234 61.515 2.961 0.097 1071.204
63.609 37.884 4.419 -0.064 1007.995
117.233 107.616 1.432 -0.002 941.271
191.342 99.865 -3.795 0.287 1001.241
137.739 5.087 7.769 -0.187 927.026
97.583 135.618 1.787 -0.001 1045.262
63.427 123.262 1.969 0.048 916.115
124.682 168.411 2.472 -0.026 1055.667
176.286 180.198 3.260 -0.202 998.586
113.078 77.993 1.736 -0.077 946.923
105.463 166.918 2.249 0.086 1046.351
56.250 21.652 3.912 -0.353 1016.617
118.963 57.703 1.951 0.071 996.399
180.620 23.959 -2.349 0.445 1015.232
124.423 4.520 8.172 -0.221 1074.698
52.019 64.252 3.696 0.038 963.480
108.654 59.581 1.837 -0.002 1051.452
151.958 89.450 1.806 0.005 1040.031
56.061 170.227 2.980 0.172 962.704
64.957 16.598 3.532 -0.183 873.433
162.978 19.189 3.361 0.125 963.378
168.154 63.360 2.228 0.108 993.993
144.124 95.418 1.778 0.066 911.092
170.613 92.590 1.960 0.019 980.007
84.682 54.797 1.719 -0.032 1071.290
183.347 169.489 -2.907 -0.169 882.841
103.495 110.423 1.678 -0.071 982.111
183.804 181.518 -0.549 -1.282 1026.388
91.301 90.363 1.663 0.024 989.269
155.677 90.719 1.648 0.004 983.460
163.846 131.692 1.781 -0.070 1060.601
113.362 43.336 1.845 0.014 1004.646
119.356 65.307 1.830 0.026 1020.111
79.013 158.014 2.315 0.067 1035.109
143.575 123.285 1.647 0.005 955.186
174.288 103.487 -0.771 0.167 1026.812
68.660 181.448 3.456 0.131 970.892
91.273 144.923 1.977 -0.043 918.634
122.713 167.631 2.184 0.077 916.902
191.536 188.836 5.477 -0.252 1060.030
53.063 131.348 3.739 0.088 1042.596
137.714 162.797 2.224 -0.127 1067.920
83.791 118.507 1.613 -0.043 1017.088
172.898 10.968 6.031 0.203 1077.355
172.486 194.989 -7.707 -0.169 925.772
129.935 68.658 1.931 -0.088 1067.302
175.316 63.861 2.292 0.061 949.422
177.104 101.315 -1.952 -0.583 1054.274
62.975 109.255 4.294 -0.070 1028.932
51.290 40.161 3.392 -0.073 980.300
57.278 133.470 4.114 -0.062 974.172
121.843 10.853 -6.669 0.771 1031.965
89.062 191.822 6.252 0.094 984.158
159.083 140.794 2.059 -0.045 1059.984
189.272 61.795 -3.219 -0.294 1000.927
85.540 147.714 1.935 0.028 921.957
198.200 103.094 4.052 -0.039 1032.283
180.837 53.011 -1.003 -0.564 967.115
86.515 142.253 1.663 -0.016 1071.930
101.617 20.754 2.996 -0.151 1078.796
128.344 183.535 3.844 -0.006 1014.593
162.234 34.366 2.297 0.107 954.793
105.221 110.127 1.381 -0.014 984.319
113.305 116.449 1.470 -0.020 936.367
62.128 176.852 3.181 0.082 996.788
51.889 106.526 1.944 -0.007 1021.531
82.022 24.567 2.488 -0.127 1015.502
146.310 104.047 1.751 -0.102 981.116
93.158 129.596 1.744 -0.034 1091.319
57.944 13.441 4.007 -0.327 1056.959
192.491 103.337 -3.897 -0.357 940.906
193.925 30.213 -3.856 0.393 980.734
186.001 182.049 -0.974 -0.336 1004.373
128.844 146.248 1.745 -0.032 913.142
81.893 33.384 2.545 -0.153 853.040
80.494 9.619 4.943 -0.184 1018.546
57.314 159.788 4.116 0.250 980.378
51.024 169.689 3.666 0.314 1021.601
118.472 165.001 1.831 -0.092 1059.911
81.087 14.428 3.587 -0.127 1029.857
64.865 188.142 5.103 0.301 1036.704
182.200 151.886 0.625 0.142 912.563
55.830 134.975 4.004 -0.039 963.063
155.774 128.667 1.802 -0.095 910.776
157.891 166.421 2.303 -0.147 1004.748
166.547 169.003 2.270 -0.199 996.822
177.743 37.225 -1.253 0.398 953.496
142.135 109.733 1.700 0.001 961.976
49.915 72.070 2.492 -0.027 980.951
150.941 44.714 1.935 0.059 991.420
180.303 138.816 -1.198 0.281 972.619
179.041 58.631 -2.757 -0.091 888.927
174.945 9.918 6.407 0.180 1003.614
55.005 176.356 4.175 0.212 1056.301
173.584 185.924 -1.947 -0.254 1004.956
111.719 145.867 1.599 -0.034 977.250
120.198 73.869 1.708 0.027 969.367
176.485 139.450 -0.155 0.044 1047.466
50.827 100.540 1.825 -0.012 1026.528
62.921 52.341 1.904 -0.096 919.246
78.218 87.008 1.538 -0.019 1033.492
138.645 162.205 1.984 0.041 902.861
164.505 156.514 2.005 -0.171 933.759
166.596 144.141 1.851 -0.087 955.686
195.633 146.816 3.603 -0.047 1007.499
51.542 141.929 2.665 0.069 914.115
50.699 146.665 2.961 0.217 1069.661
78.764 196.611 7.682 0.508 932.688
52.360 155.581 3.671 0.221 1044.225
97.675 160.460 1.838 0.045 980.628
166.789 63.341 1.873 0.064 1002.262
154.289 78.873 1.709 0.053 932.900
86.296 30.638 2.192 -0.147 1066.626
138.490 72.286 1.609 0.034 945.984
70.097 114.170 1.701 -0.048 913.935
179.953 95.863 2.213 -0.013 999.908
108.539 197.292 -4.087 -0.280 966.072
49.640 67.747 3.178 -0.084 1063.219
158.901 79.555 1.659 0.012 1024.332
114.053 131.943 1.450 0.008 995.439
77.072 46.632 1.802 -0.094 991.448
48.059 151.180 2.752 0.184 948.235
83.038 159.715 2.050 0.094 964.337
160.690 140.026 1.655 -0.016 959.777
76.038 7.977 5.686 -0.211 986.282
197.097 25.652 -4.469 0.195 979.566
55.001 152.341 2.253 0.120 1046.146
61.149 167.655 2.323 0.128 951.961
139.134 33.164 2.108 0.061 980.753
188.428 12.846 -4.966 0.441 1029.777
165.802 67.200 1.798 0.036 1021.006
110.212 150.974 1.499 0.065 988.574
143.070 191.494 5.654 0.069 1074.459
163.228 192.674 -11.456 -0.455 905.592
131.215 42.949 1.756 0.034 993.153
58.710 16.435 3.205 -0.226 937.680
187.826 181.771 -3.477 -0.359 1007.207
184.668 171.343 -1.436 0.150 899.635
195.921 136.209 -3.999 0.321 994.193
81.240 66.560 5.245 0.148 1011.992
179.246 169.652 -2.101 -0.563 1046.083
184.566 188.325 -4.135 -0.344 1007.467
46.786 142.751 2.749 0.130 990.296
50.766 161.490 2.517 0.186 982.276
67.715 179.826 2.846 0.172 1064.293
50.528 78.388 1.974 -0.027 1032.425
81.313 43.158 1.911 -0.038 993.240
168.396 8.806 -6.304 0.530 945.683
174.039 94.157 -0.353 0.367 1047.936
179.962 75.079 -1.364 0.146 945.016
104.557 172.124 2.326 0.061 971.085
145.165 113.825 1.634 -0.063 1061.785
95.966 10.272 4.627 -0.131 1011.271
49.916 135.515 2.321 0.148 968.050
152.196 12.804 4.967 0.120 1043.914
72.377 166.207 2.055 0.083 1078.416
179.219 24.399 -2.175 0.444 1027.605
67.360 26.466 2.358 -0.123 1014.153
95.796 127.155 1.518 0.028 981.012
166.091 63.794 1.684 0.128 969.184
198.000 25.497 -4.823 0.275 976.167
64.866 169.877 2.142 0.091 967.012
49.395 169.515 3.494 0.324 1006.534
97.296 178.016 2.686 -0.003 891.838
91.533 104.981 1.440 0.003 980.064
152.856 191.859 7.689 -0.215 954.352
138.662 134.985 1.689 -0.028 889.998
178.081 35.920 -1.126 0.402 901.977
118.127 126.145 1.337 0.046 923.493
140.381 199.155 -19.584 0.025 999.990
145.445 76.649 1.557 0.015 996.541
106.124 40.420 1.973 0.014 972.961
71.218 5.601 -11.949 0.342 974.117
136.620 149.252 1.676 -0.018 1057.197
112.334 20.112 2.867 -0.127 990.353
102.851 37.142 1.961 -0.101 1014.694
68.742 111.138 1.481 -0.042 1001.043
118.751 57.604 1.644 -0.086 955.659
143.784 173.659 2.618 -0.158 1042.597
132.202 172.273 2.195 -0.076 956.521
79.947 173.118 5.313 0.481 990.770
93.643 10.064 4.214 -0.265 981.679
81.174 5.496 -7.259 0.442 1019.803
145.765 47.708 1.621 0.109 971.392
182.144 69.860 -2.451 0.205 1001.120
55.663 28.127 2.578 -0.178 969.606
145.838 181.585 3.232 -0.012 1033.761
164.791 58.160 1.618 0.054 1050.825
64.386 65.605 2.073 -0.067 1025.765
159.256 95.911 1.542 -0.053 1001.368
135.117 4.336 9.211 -0.100 1096.014
179.349 18.713 0.672 1.114 987.293
136.017 130.117 1.501 -0.004 954.004
155.349 132.226 1.625 -0.115 1077.365
176.948 150.412 -2.007 -0.421 990.485
145.843 53.367 1.602 0.086 1073.039
93.183 94.417 1.437 -0.087 1016.722
77.133 108.889 1.584 -0.021 1045.372
186.473 181.892 1.106 -0.475 951.024
46.605 141.668 2.642 0.157 959.675
193.343 33.874 3.178 0.410 974.025
184.568 10.836 0.040 -0.126 962.939
158.485 159.429 1.828 -0.128 993.253
181.062 134.535 2.035 -0.007 990.349
177.038 169.445 -1.890 -0.128 1013.706
102.316 195.778 8.446 0.246 1026.239
161.848 15.392 4.033 0.164 1044.403
68.064 139.029 1.749 0.050 951.225
105.891 80.024 1.339 0.015 1054.094
47.560 132.226 1.924 0.119 1010.563
77.927 150.482 1.783 0.017 948.601
65.673 87.797 1.643 0.021 903.868
64.226 64.536 1.800 -0.082 1007.457
177.747 151.863 -2.077 -0.464 1006.073
155.220 1.939 15.224 -0.131 907.894
130.451 193.516 -15.677 -0.463 980.267
95.038 116.028 1.632 0.006 925.739
174.682 143.785 -1.208 -0.080 1055.359
177.117 67.871 -0.610 0.096 970.530
65.813 83.692 1.661 0.029 1054.529
160.794 174.487 2.461 -0.066 1030.266
185.441 178.370 0.935 -1.141 984.278
189.196 27.297 3.178 0.211 1025.233
191.637 84.344 -3.609 0.095 903.150
104.103 131.158 1.306 0.011 1042.535
184.967 144.524 -1.255 -0.133 1075.483
78.820 133.472 1.711 -0.010 1033.268
59.495 80.941 1.736 -0.081 963.900
131.950 113.571 1.393 0.001 999.556
129.951 69.989 1.740 -0.049 873.960
193.602 182.402 3.891 -0.293 1090.334
130.276 184.040 3.407 0.018 1069.645
120.769 0.035 -18.376 0.014 1026.488
84.653 10.499 4.195 -0.149 1018.949
74.996 153.628 1.765 0.045 943.885
64.646 124.400 1.599 0.008 979.578
84.254 61.042 1.603 -0.064 1025.493
115.610 98.324 1.352 0.025 1013.019
67.399 58.130 1.627 -0.115 948.315
72.018 97.791 1.618 0.018 937.088
151.152 40.276 1.722 0.131 978.543
95.486 171.079 2.175 0.060 1029.577
76.103 98.171 1.330 -0.024 1058.663
162.108 84.106 1.489 0.006 1092.400
89.685 52.303 1.456 -0.038 974.356
100.981 83.946 1.287 0.037 1026.712
96.426 22.253 2.371 -0.190 1024.059
175.602 62.994 1.885 0.063 1034.905
87.013 174.324 2.504 -0.029 1010.147
156.448 8.867 5.839 -0.051 1028.480
165.214 192.614 11.275 -0.264 949.226
139.740 171.452 1.993 -0.097 885.324
63.112 118.043 1.387 0.071 952.242
141.800 96.184 1.366 -0.011 929.759
177.283 79.992 -1.443 0.356 1031.122
87.187 77.725 1.428 -0.096 942.337
80.073 76.588 1.463 0.023 941.089
48.242 61.669 2.236 -0.009 1018.433
181.547 27.850 2.706 0.168 1017.090
57.945 80.507 1.706 -0.081 1006.240
183.767 84.198 2.243 0.143 921.216
159.554 183.672 3.432 -0.183 1002.941
83.112 82.141 1.156 0.022 1020.215
150.088 4.632 9.406 -0.049 983.188
75.779 184.464 3.371 0.092 952.536
199.428 34.393 4.012 0.337 989.488
152.288 136.503 1.733 0.052 1035.179
94.159 70.839 1.328 -0.004 1021.430
147.046 131.909 1.468 -0.111 1016.782
125.116 84.512 1.316 -0.016 999.563
176.201 47.771 -1.606 0.819 1028.816
186.424 64.362 -2.633 0.103 995.524
63.403 81.166 1.298 0.019 1049.208
108.404 94.225 1.492 0.003 1073.290
148.741 102.601 1.433 0.007 1029.308
152.172 56.459 1.556 0.021 1002.886
190.649 102.953 -3.476 -0.417 1034.627
145.392 25.635 2.605 0.072 1013.713
147.750 149.823 1.511 -0.075 1090.306
110.428 120.094 1.170 -0.008 1048.516
168.663 65.074 1.367 0.088 1009.299
45.683 131.040 2.584 -0.014 862.972
162.712 82.628 1.460 -0.004 1093.295
151.475 47.321 1.444 0.042 959.102
76.549 8.103 5.227 -0.193 932.778
162.665 100.679 1.461 -0.058 990.218
150.773 170.854 2.087 -0.150 1043.717
173.914 193.842 -2.704 -0.550 1083.791
123.223 72.926 1.375 0.046 1035.448
63.821 75.001 1.449 -0.035 983.800
79.378 91.258 1.149 -0.035 991.995
49.496 35.139 3.193 -0.161 984.664
189.733 20.582 3.550 0.270 992.067
130.015 154.047 1.568 -0.033 927.084
47.072 155.876 2.291 0.096 875.352
86.091 126.770 1.337 -0.071 1010.662
94.601 143.221 1.458 0.042 1043.855
67.978 93.641 1.169 -0.043 871.716
57.020 80.307 3.793 0.222 1105.645
193.382 46.350 -3.559 0.120 1055.421
164.110 76.235 1.485 0.117 996.037
44.730 99.728 1.912 -0.048 976.857
86.914 153.319 1.657 0.011 948.907
103.302 129.653 1.203 0.017 952.827
114.468 70.662 1.379 -0.012 1009.161
54.854 125.116 1.535 0.092 975.412
178.985 120.795 -1.795 0.309 922.670
172.226 28.423 2.359 0.165 1015.958
92.813 142.755 1.365 0.094 1070.837
177.510 191.420 6.733 -0.160 1041.077
117.129 158.482 1.471 -0.035 1048.366
55.011 54.377 3.808 -0.126 1056.701
106.505 94.209 1.226 -0.140 973.105
74.312 73.580 1.106 -0.093 932.176
140.115 191.599 6.985 -0.128 1107.043
125.391 137.160 1.300 -0.016 1048.518
111.447 21.818 2.604 -0.087 1004.855
111.406 190.119 5.293 0.033 889.325
113.854 8.323 5.463 -0.118 1096.071
88.565 37.724 1.727 -0.058 971.619
182.989 168.886 -2.412 -0.084 1142.858
85.343 3.434 8.041 -0.501 975.817
70.979 150.614 4.715 0.083 1056.798
103.537 145.586 1.316 -0.030 924.938
135.407 72.988 1.280 0.052 1103.940
130.651 154.196 1.546 -0.056 1023.235
123.225 169.325 1.887 -0.228 1051.371
109.397 59.361 1.374 0.114 972.850
135.336 114.293 1.246 -0.047 932.124
73.882 158.592 1.675 0.215 995.440
57.738 134.769 1.676 -0.004 1067.410
93.772 11.052 -7.504 0.767 941.896
72.213 133.603 1.364 0.009 1009.847
68.942 148.507 1.565 0.018 1004.746
60.132 69.059 1.435 0.027 1007.658
78.902 38.858 1.815 -0.106 952.881
151.031 14.642 -2.911 0.943 1026.089
59.562 182.033 3.110 0.188 977.237
153.067 170.474 1.812 -0.061 977.237
52.261 152.563 1.922 0.148 965.279
171.465 12.173 4.966 0.220 944.443
152.509 181.702 3.292 -0.183 1000.867
158.706 173.830 2.095 -0.219 962.886
174.190 180.027 2.861 -0.258 987.887
183.589 191.450 7.030 -0.223 1019.011
174.317 69.960 -1.180 -0.050 1032.132
58.511 75.998 1.324 0.039 1000.289
66.344 94.047 1.145 -0.085 906.241
177.549 37.836 2.208 0.241 1034.919
84.199 13.405 3.086 -0.219 944.240
54.198 61.990 1.892 -0.048 958.370
53.142 85.152 1.325 0.004 951.271
90.926 120.093 1.221 0.096 987.325
97.158 116.578 1.172 0.058 1012.776
192.161 142.052 1.450 -0.222 1101.968
46.924 134.524 3.194 0.110 961.418
137.897 138.321 1.262 -0.113 965.669
184.678 91.774 -3.064 -0.572 990.241
196.489 78.155 3.264 0.200 983.409
106.620 53.920 1.283 -0.042 978.916
46.169 43.873 2.846 -0.052 912.880
43.506 132.253 1.842 0.107 1092.420
82.838 82.757 1.008 0.015 1018.151
60.118 150.664 1.777 0.104 988.553
186.486 134.990 -2.724 0.363 1031.122
144.190 110.900 1.200 -0.001 927.442
82.491 109.107 1.167 0.039 987.832
101.904 44.508 1.447 -0.037 1004.211
55.141 53.304 3.800 -0.180 883.244
59.156 186.180 4.561 0.227 996.416
177.861 157.103 -2.071 -0.760 987.492
197.577 152.605 -4.231 -0.106 1007.617
93.210 84.412 1.145 -0.036 1055.020
114.037 172.387 2.120 0.089 981.741
139.830 11.275 4.837 0.028 1006.995
70.565 152.987 1.386 -0.012 925.075
59.154 100.634 1.399 0.021 1042.133
174.138 149.328 -0.730 -0.266 1061.717
68.738 42.033 1.662 -0.102 924.568
92.341 128.286 1.070 0.059 1073.965
73.185 46.320 1.366 -0.068 1087.283
172.630 58.776 -1.235 0.512 983.143
111.148 193.729 -7.013 -0.401 970.685
81.517 194.750 -10.099 -0.246 945.005
60.354 96.525 1.336 0.020 946.112
64.099 151.185 1.500 0.119 1026.128
157.102 193.692 -3.925 -0.278 983.752
59.386 26.824 2.219 -0.167 1147.781
158.625 23.981 2.501 0.154 1040.110
90.499 198.245 -3.524 -0.184 996.800
151.654 82.965 1.139 0.020 963.116
53.303 176.762 2.878 0.132 959.076
185.381 46.947 -2.636 0.205 1058.775
51.802 53.071 1.725 -0.079 1017.426
195.572 22.306 3.579 0.300 1005.180
44.482 156.856 2.895 0.276 921.631
84.400 178.675 2.414 0.170 991.665
89.271 7.125 -8.953 0.516 931.344
71.880 35.889 1.756 -0.103 949.628
49.113 67.785 1.907 -0.010 975.442
68.620 111.109 0.971 0.063 1034.692
98.880 150.249 1.296 0.035 1094.953
103.302 136.599 1.011 -0.022 1018.721
81.025 40.757 5.096 -0.050 997.674
175.502 96.006 -0.342 0.617 987.101
178.304 63.896 -0.898 0.050 948.394
102.699 102.925 1.050 -0.000 1019.459
182.859 178.154 2.864 -0.271 1115.852
184.456 177.129 -2.878 -0.010 1010.986
42.399 66.376 2.416 -0.016 1019.515
159.916 108.043 1.310 0.016 1044.583
134.882 114.644 0.981 -0.015 1099.793
192.643 12.440 -5.111 0.472 1007.124
111.173 61.102 0.973 -0.006 989.975
157.461 161.464 1.592 -0.084 1039.952
128.921 91.985 1.073 0.015 942.463
131.448 36.966 1.692 0.085 935.430
180.391 7.646 -5.290 0.300 936.050
153.614 23.566 2.459 0.161 1037.747
177.535 80.889 1.756 0.040 917.861
185.353 195.181 -10.174 -0.167 1016.964
161.578 29.266 2.116 0.192 987.397
53.617 58.799 1.473 -0.033 1031.049
175.702 125.644 1.824 -0.031 999.601
119.866 173.950 1.866 0.014 990.497
44.706 147.847 1.986 0.127 977.455
150.684 24.995 2.129 0.182 936.552
78.304 160.558 1.451 0.022 1074.527
46.894 127.059 2.998 0.118 1067.212
183.828 115.001 -1.575 -0.010 1016.588
182.548 154.632 2.173 -0.194 999.460
196.859 4.633 -11.414 0.259 1079.763
157.774 195.809 10.314 0.006 995.338
46.506 142.419 1.908 0.061 1049.428
88.953 27.005 1.914 -0.126 1028.731
175.754 161.760 2.065 -0.101 955.999
138.136 25.821 2.282 0.072 1000.621
91.388 197.130 8.657 0.388 1007.847
55.234 66.187 3.673 -0.218 1023.369
53.692 90.511 1.355 0.013 928.127
57.211 113.839 1.458 0.036 946.059
95.530 39.800 1.405 -0.056 960.343
154.111 100.670 1.206 0.016 855.088
115.901 80.904 1.162 -0.044 923.292
181.987 143.732 2.093 -0.009 1075.967
103.111 195.148 -14.097 -0.336 1079.170
85.966 134.786 0.972 0.007 930.659
68.169 102.583 1.027 0.008 1040.380
101.039 197.732 -12.459 -0.175 1020.653
89.475 198.021 9.329 0.497 991.437
135.911 60.556 1.354 0.092 969.247
151.914 142.792 1.167 -0.044 1035.836
161.792 18.207 -1.403 1.157 1020.036
146.090 101.526 0.947 0.105 970.341
106.956 93.889 1.148 -0.173 1050.810
48.172 32.233 2.388 -0.143 979.510
138.549 170.843 1.789 -0.111 977.681
52.332 36.565 2.007 -0.104 942.326
174.320 89.569 -2.236 -0.343 1032.292
190.275 146.602 -3.467 -0.018 996.791
191.921 129.351 2.443 0.078 944.557
42.361 73.801 2.589 0.033 1027.612
188.191 7.326 -12.087 0.442 927.294
40.530 129.358 1.856 0.008 1011.892
64.138 9.037 4.486 -0.232 1022.292
92.207 58.724 1.185 -0.042 1028.564
140.242 96.373 0.992 -0.028 880.838
142.656 180.474 2.703 -0.184 1015.920
172.082 47.316 1.759 0.157 1108.577
64.089 171.152 1.923 0.118 1077.865
162.797 30.335 1.830 0.100 1002.280
176.281 101.110 1.635 -0.037 979.503
165.264 189.373 11.949 -0.568 1073.466
74.323 31.773 1.629 -0.124 991.979
139.838 113.566 0.785 0.052 966.451
130.313 171.892 1.661 -0.112 1031.681
110.760 4.869 -3.972 0.424 982.741
81.211 36.759 1.507 -0.062 959.272
46.499 82.477 3.148 0.160 1008.160
107.768 169.139 1.679 -0.049 963.315
51.749 113.311 1.262 0.001 1053.645
144.664 132.344 1.157 -0.094 1022.466
177.915 190.852 14.979 -0.692 1002.210
85.819 178.729 2.376 -0.002 928.299
85.037 102.948 0.873 -0.057 979.004
158.564 9.399 5.722 0.126 968.175
169.960 85.236 -1.489 -0.578 1002.640
110.813 53.348 1.046 -0.017 951.832
48.392 113.787 1.387 -0.048 1006.459
142.340 194.378 7.002 0.090 949.322
74.544 126.071 1.243 -0.074 1003.947
73.141 40.973 1.054 -0.045 890.589
50.882 123.704 3.297 0.056 1090.802
179.014 166.637 2.175 -0.264 989.674
56.021 99.539 1.002 0.052 1020.068
147.624 156.941 1.569 -0.047 969.937
185.635 27.982 2.542 0.410 1043.269
86.723 115.638 0.879 -0.010 1075.512
90.945 94.355 0.916 0.038 976.545
93.819 132.210 0.788 0.001 990.748
107.866 78.380 0.855 0.085 1039.750
194.115 90.718 2.940 0.014 1021.083
128.228 129.718 1.028 -0.029 995.192
67.652 26.922 4.485 -0.343 1073.579
119.059 174.053 1.850 -0.015 940.059
148.396 70.208 1.478 0.047 982.170
86.011 168.056 1.648 0.019 949.231
188.045 144.702 2.341 -0.145 1025.833
40.722 66.765 2.101 -0.074 1014.517
121.348 58.009 1.131 -0.009 1036.097
62.315 158.533 1.537 0.128 1102.327
93.882 182.577 2.912 -0.039 1042.578
43.278 47.349 2.201 -0.066 1013.713
173.959 174.962 2.226 -0.239 1059.702
171.785 138.953 -1.889 -0.227 964.418
71.919 119.072 1.014 -0.029 1054.802
83.399 146.119 0.999 0.055 1006.700
140.654 179.688 2.469 -0.173 998.367
179.395 66.760 -0.904 0.824 1096.679
188.250 166.825 -2.095 -0.971 1012.823
43.795 140.115 2.691 0.015 1032.932
185.765 9.491 15.440 0.857 995.118
86.671 42.522 1.278 -0.069 987.079
54.642 175.319 2.366 0.280 956.311
169.326 116.269 1.420 -0.047 1074.979
79.609 198.451 -9.772 -0.153 970.727
175.848 135.176 1.483 -0.022 998.577
178.229 77.052 1.716 0.140 1019.319
77.959 11.234 3.732 -0.155 938.319
146.440 158.843 1.242 -0.102 998.297
196.914 70.821 3.214 0.168 988.984
128.713 66.440 1.057 0.013 988.784
151.958 33.910 1.590 0.149 1076.650
117.669 85.466 1.029 -0.075 1054.531
90.768 112.923 0.721 0.038 935.155
93.364 182.138 2.930 -0.076 904.909
100.582 39.603 1.139 -0.089 925.216
167.496 184.534 3.352 -0.254 942.698
39.367 67.156 1.794 -0.046 936.981
41.826 99.018 2.363 -0.058 1002.190
120.816 70.353 0.991 0.046 1019.404
185.581 121.789 -2.403 -0.217 997.627
124.595 125.480 0.934 -0.081 1030.745
54.327 25.832 3.692 -0.348 1073.882
173.346 3.134 -13.019 0.342 966.365
79.270 149.850 0.991 0.140 1053.339
63.936 20.530 2.367 -0.119 1019.878
187.282 64.791 2.098 0.089 1043.271
47.779 176.911 3.430 0.316 1102.963
131.650 7.790 5.635 -0.134 1030.524
169.924 75.267 1.413 0.018 985.295
46.073 141.798 1.436 0.118 955.188
132.424 149.649 1.052 -0.075 942.017
158.652 72.225 1.175 0.148 1044.233
122.933 133.034 0.923 0.033 1005.667
121.541 101.941 0.882 0.014 1000.895
74.893 123.299 0.857 0.006 1036.748
47.534 68.306 1.389 -0.138 998.920
169.240 95.172 -1.483 0.549 971.400
129.915 57.738 1.086 0.052 969.683
113.856 5.331 6.750 -0.222 967.659
54.344 84.378 3.568 0.265 1141.206
148.696 134.104 0.887 -0.099 1008.578
43.283 59.959 1.771 -0.084 981.390
195.477 178.316 1.917 -1.367 997.880
47.430 89.671 1.508 -0.032 1000.642
178.714 19.041 -2.099 0.382 1065.834
183.234 166.301 -2.305 -0.259 1014.724
58.324 52.368 1.211 -0.002 1015.757
42.718 93.015 1.586 0.010 1078.800
197.280 111.777 -3.564 -0.298 972.201
84.747 89.925 0.799 -0.081 953.776
39.790 83.536 2.517 0.041 987.554
195.542 81.310 -3.903 0.373 1023.347
150.296 191.890 -8.614 -0.491 956.624
193.945 43.362 -3.785 0.355 956.896
138.134 13.833 3.687 0.085 1053.718
41.585 122.849 2.160 0.082 959.925
134.963 101.235 0.904 -0.057 888.427
54.216 81.280 0.799 -0.040 986.366
120.435 150.258 1.106 -0.032 1012.417
194.760 187.053 4.246 -0.217 970.996
120.903 22.251 2.433 0.072 979.234
95.816 76.460 0.871 -0.024 1020.937
177.245 187.358 -3.408 -0.600 965.679
125.711 47.934 1.178 0.082 1001.408
134.660 28.670 1.681 0.096 1062.210
110.119 69.057 0.720 0.039 997.371
143.289 23.290 2.173 0.168 1016.673
176.576 3.918 18.793 0.456 884.606
71.166 136.229 0.947 -0.045 1003.639
112.438 88.597 0.945 0.038 996.919
174.055 146.761 -0.936 -0.017 919.134
117.964 189.933 4.621 0.053 983.001
153.774 55.295 1.140 0.079 1090.360
39.892 134.370 2.321 0.140 972.570
49.732 180.139 2.783 0.302 991.479
171.935 14.666 -0.629 0.718 1005.968
186.576 184.425 3.482 -0.270 1105.651
174.540 191.893 -4.216 -0.439 1042.174
172.344 8.356 -5.010 1.172 991.116
58.858 147.242 1.188 0.075 1046.999
89.886 169.519 1.427 0.058 928.979
157.766 12.992 4.046 0.139 1019.806
117.642 19.710 2.607 0.024 990.781
176.117 102.316 -1.661 0.348 922.906
57.970 65.124 3.627 -0.066 1015.546
123.705 185.958 3.361 0.063 1030.936
45.581 170.209 3.021 0.383 1062.952
170.244 15.874 -0.736 0.896 971.444
187.959 20.479 2.993 0.243 999.104
152.985 69.701 1.046 0.051 965.897
190.630 155.808 -3.286 -0.388 978.719
130.878 120.916 0.873 -0.033 992.334
124.634 36.471 1.351 0.052 992.488
179.150 154.063 -2.228 -0.417 1033.422
182.905 180.560 -0.923 0.161 1027.594
192.921 12.192 4.486 0.229 1021.510
172.654 195.671 17.447 -0.592 1020.484
96.352 59.192 0.915 -0.035 1004.898
55.711 177.962 2.177 0.162 1023.897
181.160 26.814 -0.032 0.529 1004.866
144.819 5.397 -3.005 0.329 938.950
195.297 71.729 2.759 0.065 932.786
182.775 27.290 2.200 0.387 1015.769
38.005 100.840 1.889 -0.039 1068.397
69.887 36.791 1.380 -0.072 1079.427
61.158 38.105 1.427 -0.134 975.087
48.322 118.149 3.099 -0.027 1033.477
53.033 177.089 3.798 0.212 990.017
98.834 39.487 1.075 -0.085 979.491
57.407 20.962 2.231 -0.203 1032.021
48.616 24.098 3.249 -0.363 1007.714
160.584 186.602 -1.745 -0.946 943.050
45.092 172.131 2.160 0.210 963.576
62.817 153.411 0.915 0.044 993.995
89.008 86.440 0.527 0.011 980.124
132.135 105.533 0.833 0.049 1041.051
141.618 180.378 2.538 -0.212 904.447
44.681 163.761 1.799 0.203 978.278
53.196 37.360 1.555 -0.137 1039.888
148.539 0.004 18.288 -0.381 994.529
150.726 103.514 0.791 -0.017 994.229
118.473 186.538 3.229 0.165 1082.110
177.521 87.905 -1.628 -0.696 1011.154
192.963 156.449 -3.567 -0.362 1019.395
137.198 161.462 1.310 -0.136 1052.982
198.256 136.173 3.531 0.162 968.922
188.126 90.479 -2.908 -0.115 1090.739
50.202 135.302 3.155 0.017 960.081
70.059 106.645 0.661 -0.018 1023.081
99.127 58.485 0.655 0.030 910.098
196.192 8.407 11.078 0.437 1049.257
141.675 53.647 0.966 0.038 1018.268
165.194 96.764 1.127 -0.006 1018.228
65.433 160.715 1.155 0.113 1015.047
158.920 38.945 1.448 0.116 1045.760
133.381 60.315 0.854 0.071 1009.877
136.825 88.645 0.864 0.005 900.556
145.505 72.087 0.838 0.032 1028.740
52.495 176.316 1.893 0.103 955.999
109.910 183.945 2.751 0.113 921.777
100.821 118.435 0.830 -0.040 984.454
181.405 35.769 1.978 0.307 956.018
41.933 120.426 2.578 -0.025 1097.548
123.779 4.610 7.707 -0.129 1023.187
115.480 74.426 0.581 0.069 1039.634
124.438 12.516 3.774 -0.042 1137.360
83.557 110.194 0.639 -0.049 1060.634
145.769 65.332 0.980 -0.007 978.803
45.931 150.240 1.156 0.109 920.150
148.484 182.874 2.790 -0.266 939.177
45.246 124.851 1.209 0.096 1053.489
77.373 34.446 1.055 -0.097 995.839
49.900 16.291 3.348 -0.332 1002.213
142.397 88.044 0.833 0.030 963.946
101.016 23.103 1.901 -0.068 908.698
41.779 165.942 2.249 0.303 1007.043
109.389 60.951 0.635 -0.072 1027.595
52.885 140.507 1.206 0.094 1021.548
176.645 45.175 -1.762 0.068 1021.409
51.914 140.257 3.159 0.017 984.350
78.910 59.567 0.933 -0.050 1072.476
91.858 167.036 1.280 0.100 941.517
57.682 61.112 0.929 -0.030 1003.091
40.294 147.230 1.397 0.213 1033.978
192.282 150.135 2.617 -0.218 940.505
119.253 194.659 8.221 0.062 1022.735
74.604 80.267 0.621 -0.081 953.300
182.645 17.816 -2.809 0.326 1077.263
67.612 129.638 0.784 0.073 1029.283
161.864 7.110 -8.548 0.520 964.497
158.966 14.232 3.411 0.131 1028.255
42.326 118.141 1.528 0.075 1032.901
93.900 197.699 -10.875 -0.294 981.518
143.540 131.392 0.880 -0.115 966.773
158.170 6.819 8.992 0.151 1094.057
108.472 38.794 1.232 -0.035 933.726
60.086 123.968 0.873 -0.028 935.804
133.347 192.473 9.082 -0.173 1042.429
139.899 134.767 0.647 0.040 914.854
93.159 186.109 3.119 0.090 1021.356
155.152 172.495 1.579 -0.269 1075.294
100.385 67.870 0.756 -0.013 952.721
144.262 117.854 0.801 -0.047 954.793
182.826 61.407 0.033 -0.073 960.401
50.765 30.555 1.646 -0.189 1017.493
53.916 160.499 1.376 0.136 974.699
46.432 106.908 1.034 -0.022 945.929
171.877 59.072 -1.438 0.380 998.479
40.450 142.789 2.315 0.151 1057.457
184.804 102.972 -3.203 -0.146 1016.319
125.303 146.082 0.840 -0.097 997.054
193.688 22.050 -3.681 0.532 999.882
95.856 167.673 1.194 0.009 1057.082
112.994 92.766 0.839 0.007 945.216
152.189 68.793 0.895 0.050 985.824
172.870 94.758 1.264 -0.013 994.164
140.049 81.078 0.747 0.037 1067.282
132.473 133.549 0.651 -0.054 1010.701
79.400 71.450 0.790 -0.035 976.102
167.513 38.550 1.563 0.155 1045.732
60.177 163.887 1.223 0.154 1004.785
117.305 8.288 4.775 -0.230 998.050
50.886 53.956 3.260 -0.152 998.724
80.994 154.983 0.857 -0.008 974.321
199.842 150.813 4.088 -0.061 998.363
188.058 93.891 -2.518 -0.495 996.140
52.257 78.561 0.471 -0.019 1013.070
123.143 4.789 -16.186 0.521 1029.821
117.312 190.688 -4.533 -0.612 965.071
40.965 163.557 1.994 0.362 940.051
57.693 134.589 0.977 0.074 995.150
108.534 194.904 6.593 0.272 1059.018
191.401 132.071 -2.812 0.190 1010.766
40.990 77.461 1.235 -0.049 1113.102
187.979 153.474 2.081 -0.171 1010.761
77.062 4.718 -11.697 0.360 930.124
188.001 170.245 2.389 -0.236 1019.139
152.235 63.296 0.789 0.079 1113.393
83.548 59.110 0.737 -0.040 1018.655
165.286 13.390 -2.169 0.741 995.594
100.918 106.045 0.530 -0.002 984.009
188.970 36.444 2.286 0.297 946.875
50.894 67.863 0.931 -0.018 1094.738
173.683 156.440 -1.778 -0.547 1000.717
110.987 89.058 0.654 0.087 938.018
143.252 23.087 2.067 0.166 1067.747
118.569 67.663 0.488 0.035 1023.944
54.533 20.307 3.742 -0.444 947.646
123.355 12.935 3.560 -0.045 947.360
133.770 75.188 0.548 -0.041 989.503
59.812 15.667 2.590 -0.209 972.409
197.618 164.977 -3.818 -0.429 947.684
139.145 68.810 0.523 0.090 904.154
137.995 2.932 -16.257 0.202 1003.319
120.994 71.656 0.374 0.029 986.180
48.259 183.756 2.946 0.387 973.647
84.201 189.652 4.452 0.025 993.067
171.812 71.956 1.251 0.093 1017.868
87.897 148.789 0.805 0.001 980.977
45.584 171.143 1.641 0.095 987.139
38.061 158.571 1.872 0.143 952.987
91.291 5.191 7.219 -0.200 951.394
171.960 185.392 -2.614 -0.723 1063.681
191.193 104.641 1.151 -0.652 986.735
57.546 62.713 0.782 -0.005 1022.001
190.733 34.339 2.251 0.328 957.953
149.294 124.850 0.808 -0.051 996.657
177.085 125.298 1.432 -0.051 984.673
143.741 185.318 2.927 -0.084 1056.410
190.655 90.153 2.225 -0.004 985.478
179.536 182.750 2.550 -0.246 1031.620
186.596 144.268 2.026 -0.215 1045.215
147.422 10.170 5.123 0.133 1017.116
42.547 34.582 2.415 -0.149 1004.518
176.547 181.801 -0.316 -0.648 959.783
194.625 180.206 1.892 -0.387 979.599
175.252 183.888 -0.620 -0.450 898.764
131.490 119.444 0.480 0.012 978.073
106.307 168.890 1.197 0.030 1021.460
73.994 146.474 0.654 0.024 984.194
179.283 90.052 -3.053 -0.039 960.966
124.419 184.247 2.711 0.115 1054.981
44.192 115.040 1.012 0.056 903.921
158.604 145.731 1.055 -0.089 1052.617
93.835 72.290 0.567 -0.000 986.216
190.128 132.444 -2.535 0.190 951.475
64.490 191.213 5.246 0.405 935.337
182.649 121.540 1.649 -0.012 996.510
161.755 190.547 14.548 -0.918 1038.720
52.500 153.091 0.889 0.100 940.432
97.349 191.642 4.862 0.131 959.071
140.247 19.100 2.512 0.118 1010.627
39.160 153.583 1.320 0.210 1026.869
132.009 109.675 0.558 -0.018 921.124
105.387 121.644 0.544 0.025 1060.948
185.366 33.124 -0.705 0.103 985.156
178.547 23.140 2.123 0.251 1027.809
117.598 128.958 0.547 -0.059 1022.569
193.537 147.139 -3.416 -0.052 938.133
40.369 54.761 1.745 -0.136 999.449
115.391 69.172 0.185 0.106 1005.863
128.765 142.192 0.697 -0.004 975.671
40.371 87.621 1.414 -0.035 1079.135
183.215 54.676 0.270 -0.222 964.339
184.211 59.360 1.719 0.133 1000.936
168.941 187.993 -1.591 -0.599 979.284
68.607 82.422 0.593 -0.018 1045.116
184.576 161.603 0.412 -0.901 976.168
116.105 180.274 2.052 -0.002 1064.787
107.727 187.363 3.491 -0.013 944.505
177.536 84.089 -0.923 -0.294 963.451
84.347 127.519 4.840 0.184 980.566
104.614 65.847 0.394 -0.016 1119.176
38.218 172.149 2.114 0.363 1007.330
161.879 155.516 1.208 -0.106 957.701
91.617 190.415 5.320 -0.086 1038.890
65.565 140.689 0.708 0.076 1015.756
57.329 128.389 0.657 0.072 994.775
70.832 32.893 1.152 -0.058 992.534
90.884 143.669 0.603 0.025 1065.923
51.436 116.792 0.658 -0.019 1037.553
168.565 122.213 1.063 -0.098 1036.971
95.780 174.166 1.400 0.059 972.246
194.522 97.117 2.579 -0.075 967.069
126.266 156.250 0.775 -0.079 1015.967
104.531 94.195 0.451 0.086 959.397
137.102 96.612 0.397 -0.027 1136.479
118.355 150.349 0.687 -0.034 929.109
171.618 72.138 1.065 0.044 998.508
40.986 77.596 1.064 -0.099 985.296
144.973 159.232 0.970 -0.113 982.420
174.539 174.172 -1.525 -0.617 922.124
168.429 34.879 1.445 0.210 1095.948
74.466 19.704 2.024 -0.180 1025.732
78.945 63.288 0.555 -0.054 963.795
89.386 93.690 0.394 0.022 1039.155
175.198 44.034 1.500 0.228 915.904
177.389 89.291 1.255 0.030 1019.230
121.806 27.599 1.680 0.015 1086.325
108.504 189.599 4.400 -0.009 958.452
191.512 142.684 2.238 -0.096 958.860
56.140 69.975 0.624 -0.043 952.309
176.504 59.712 -0.955 0.107 986.925
190.149 21.442 1.451 1.359 1058.285
91.481 26.490 1.487 -0.096 988.632
76.628 159.734 0.824 0.010 1083.896
172.564 94.625 -1.394 0.686 1064.664
54.781 65.323 3.228 -0.105 1053.993
146.105 138.053 0.497 -0.128 957.907
186.740 172.070 -1.555 -1.712 964.098
97.802 17.419 2.347 -0.150 987.783
39.901 163.243 2.318 0.291 1033.252
41.275 136.010 2.475 0.006 934.754
189.162 23.385 -3.190 0.466 942.916
178.540 24.709 -2.138 0.533 929.106
148.286 18.767 2.294 0.137 975.408
182.989 194.364 8.463 -0.086 1055.417
180.208 96.319 1.317 -0.056 994.600
66.904 26.298 1.515 -0.160 967.455
117.544 186.542 2.802 0.134 1113.271
128.258 107.592 0.136 0.008 960.906
82.542 89.913 0.282 0.024 965.051
167.288 2.840 18.403 0.486 964.874
175.430 59.633 1.201 0.170 1018.828
119.653 57.618 0.589 0.104 972.873
187.227 106.675 -2.373 -0.775 943.211
168.726 190.579 14.272 -0.739 1025.762
145.661 163.626 0.954 -0.152 958.578
184.797 121.635 -1.120 -0.265 927.176
129.367 164.159 0.928 -0.048 1041.125
40.686 54.317 1.383 -0.036 1031.034
42.934 169.091 1.278 0.125 986.762
66.519 183.690 2.574 0.071 1010.188
44.379 58.883 0.874 -0.076 1021.798
199.303 126.555 3.409 -0.038 956.082
40.949 39.914 1.867 -0.122 970.865
181.805 114.443 1.559 -0.081 955.680
190.341 86.399 -3.080 0.387 1035.279
81.236 7.311 4.645 -0.210 1051.592
77.165 131.498 0.448 0.041 1030.414
46.698 161.123 1.157 0.140 1024.515
86.609 45.341 0.806 -0.110 979.371
37.878 89.909 2.152 -0.030 1090.175
184.096 109.433 1.610 -0.076 1038.897
95.936 162.423 0.881 0.038 920.842
81.422 113.440 0.283 -0.067 958.483
71.039 102.381 0.439 0.013 974.866
38.225 135.828 0.982 0.079 1084.949
186.239 162.915 2.008 -0.247 1020.862
45.522 136.446 2.580 0.008 1029.403
82.221 73.142 0.468 -0.017 948.009
196.281 55.430 -4.146 0.355 980.910
105.740 11.010 3.413 -0.228 1011.107
182.182 138.292 0.194 -0.184 918.951
194.052 177.029 1.614 -0.979 1030.232
50.899 134.785 0.626 0.121 999.658
35.458 165.348 1.919 0.333 1042.168
185.479 11.280 4.535 0.228 1059.342
94.463 121.039 0.466 0.036 962.390
51.924 92.291 0.621 -0.061 1037.826
174.963 162.789 1.488 -0.219 1015.336
96.887 149.686 0.634 0.014 900.329
175.094 143.830 -0.923 -0.095 1004.317
171.753 183.944 2.847 -0.252 1002.172
130.233 164.686 0.856 -0.035 968.248
197.338 122.372 -3.263 -0.056 1030.061
39.255 117.376 2.250 -0.033 1003.323
183.669 177.472 -2.525 0.009 989.937
50.639 144.368 0.730 0.064 1073.746
64.305 139.793 0.579 0.090 1007.587
58.675 100.148 0.446 -0.023 1013.785
86.899 190.489 4.116 0.071 951.760
64.814 12.576 3.006 -0.102 1018.042
118.434 191.553 4.112 0.198 1039.338
137.606 134.648 0.258 -0.094 959.125
112.697 134.664 0.526 -0.039 973.970
90.258 143.505 0.397 -0.037 1020.536
47.381 35.137 1.357 -0.149 1019.750
196.585 35.809 -3.444 0.184 889.010
67.595 157.936 0.590 -0.002 962.697
98.348 94.535 0.181 0.033 957.466
37.625 117.005 1.448 0.012 974.930
68.483 58.436 0.732 -0.039 1011.553
193.788 169.126 -3.252 -0.160 1005.681
106.000 84.196 0.254 -0.005 1033.593
65.827 123.185 0.363 0.046 917.259
172.070 19.313 -1.258 0.797 987.242
95.970 114.685 0.254 0.029 984.984
102.623 93.155 0.097 0.079 990.604
182.792 146.058 1.317 -0.024 1010.584
88.493 119.900 0.216 -0.009 971.676
41.367 88.535 0.814 -0.006 1021.524
33.819 144.134 1.009 0.132 999.470
105.704 177.076 1.618 0.046 1075.461
48.970 66.836 0.401 -0.017 1085.249
178.766 143.061 -0.435 -0.089 960.613
35.258 61.300 1.328 -0.038 998.499
63.314 33.505 0.872 -0.154 978.682
133.845 18.281 2.469 0.076 997.754
141.615 88.174 0.393 0.040 1031.659
88.347 183.504 2.226 0.054 977.329
48.422 43.029 1.195 -0.119 957.435
37.612 112.167 1.409 0.013 993.303
41.325 69.977 0.698 -0.023 945.253
181.301 43.833 -1.270 0.840 1064.731
174.362 162.279 1.443 -0.206 1009.322
179.896 27.958 -0.392 0.098 968.316
111.308 92.236 0.237 -0.006 1016.818
83.466 129.131 0.143 -0.012 946.307
36.461 73.921 1.146 -0.073 1053.330
116.714 46.272 0.859 0.036 901.722
110.609 37.513 1.043 0.067 1004.057
46.600 18.744 3.160 -0.520 961.592
122.810 80.063 0.440 0.014 931.348
175.845 13.972 -3.451 0.681 1001.865
79.789 174.664 1.380 0.007 906.755
